Date & time of file creation	2025-06-06 1:09 PM																																	
Data file path	C:\Users\ry1ho\OneDrive\Desktop\Kenauk Respirometry   2024 RH\15 C Respirometry Data 2025\Trial 2 June 6 2025\2025-06-06_BrookTrout_EPOC_15C_Trial2.txt																																	
Raw data file path	C:\Users\ry1ho\OneDrive\Desktop\Kenauk Respirometry   2024 RH\15 C Respirometry Data 2025\Trial 2 June 6 2025\2025-06-06_BrookTrout_EPOC_15C_Trial2_raw.txt																																	
																																		
																																		
Parameter/Chamber	Wet weight [g]	Resp. volume [mL]	Fish length [cm]	Fractional error [%]	Chamber notes																													
Chamber 1	100	900	10																															
Chamber 2	100	900																																
Chamber 3	100	900																																
Chamber 4	100	900																																
																																		
																																		
Date &Time [DD-MM-YYYY/HH:MM:SS]	Time [sec]	Loop	Phase time [s]	CH 1 MO2 [mgO2/kg/hr]	CH 1 slope [mgO2/L/hr]	CH 1 R^2	CH 1 max O2 [mgO2/L]	CH 1 min O2 [mgO2/L]	CH 1 avg O2 [mgO2/L]	CH 1 avg temp [°C]	CH 2 MO2 [mgO2/kg/hr]	CH 2 slope [mgO2/L/hr]	CH 2 R^2	CH 2 max O2 [mgO2/L]	CH 2 min O2 [mgO2/L]	CH 2 avg O2 [mgO2/L]	CH 2 avg temp [°C]	CH 3 MO2 [mgO2/kg/hr]	CH 3 slope [mgO2/L/hr]	CH 3 R^2	CH 3 max O2 [mgO2/L]	CH 3 min O2 [mgO2/L]	CH 3 avg O2 [mgO2/L]	CH 3 avg temp [°C]	CH 4 MO2 [mgO2/kg/hr]	CH 4 slope [mgO2/L/hr]	CH 4 R^2	CH 4 max O2 [mgO2/L]	CH 4 min O2 [mgO2/L]	CH 4 avg O2 [mgO2/L]	CH 4 avg temp [°C]	AMB temp N°1 avg temp [°C]	AMB temp N°1 setpoint [°C]	AMB temp N°1 hysteresis [°C]
2025-06-06/1:16:34 PM	407	1	F400/W1/M200	-0.5	0.052	0.004	10.14	10.06	10.11	15.26	-1.7	0.188	0.043	10.10	10.04	10.07	15.26	-4.7	0.518	0.234	10.09	9.99	10.06	15.26	-2.0	0.223	0.092	10.10	10.04	10.07	15.26	15.27	20.00	0.10
2025-06-06/1:20:16 PM	629	2	F400/W1/M200	3.0	-0.333	0.223	10.09	10.03	10.06	15.34	-0.1	0.011	0.000	10.05	10.00	10.02	15.34	9.4	-1.049	0.525	10.07	9.95	10.01	15.34	4.0	-0.449	0.368	10.08	10.03	10.05	15.34	15.33	20.00	0.10
2025-06-06/1:29:53 PM	1206	3	F400/W1/M200	212.9	-23.652	0.989	9.79	8.56	9.25	15.33	-1.3	0.140	0.023	10.06	9.98	10.02	15.33	-3.3	0.362	0.106	10.04	9.93	9.99	15.33	0.5	-0.051	0.005	10.09	10.02	10.06	15.33	15.38	20.00	0.10
2025-06-06/1:38:22 PM	1715	4	F300/W1/M200	177.6	-19.731	0.967	9.53	8.51	9.13	15.35	-12.0	1.336	0.635	10.01	9.90	9.97	15.35	-8.0	0.884	0.454	10.00	9.89	9.95	15.35	-4.8	0.536	0.348	10.07	10.00	10.04	15.35	15.38	20.00	0.10
2025-06-06/1:46:43 PM	2216	5	F300/W1/M200	200.6	-22.290	0.982	9.46	8.32	9.00	15.63	196.4	-21.821	0.992	9.57	8.45	9.07	15.63	7.2	-0.803	0.549	9.86	9.78	9.82	15.63	1.2	-0.133	0.064	9.97	9.92	9.95	15.63	15.61	20.00	0.10
2025-06-06/1:55:04 PM	2717	6	F300/W1/M200	164.7	-18.304	0.971	9.37	8.45	8.99	15.66	202.6	-22.516	0.988	9.36	8.22	8.86	15.66	157.6	-17.511	0.990	9.61	8.72	9.19	15.66	3.0	-0.333	0.178	9.91	9.85	9.88	15.66	15.66	20.00	0.10
2025-06-06/2:03:25 PM	3218	7	F300/W1/M200	226.3	-25.139	0.984	9.26	8.02	8.73	15.52	211.9	-23.549	0.986	9.28	8.10	8.76	15.52	172.4	-19.151	0.995	9.38	8.36	8.91	15.52	20.8	-2.310	0.774	9.85	9.68	9.75	15.52	15.56	20.00	0.10
2025-06-06/2:11:46 PM	3719	8	F300/W1/M200	169.9	-18.879	0.969	9.23	8.27	8.81	15.43	184.4	-20.493	0.984	9.26	8.23	8.80	15.43	165.8	-18.424	0.988	9.29	8.33	8.84	15.43	-15.8	1.752	0.250	10.01	9.73	9.96	15.43	15.46	20.00	0.10
2025-06-06/2:20:07 PM	4220	9	F300/W1/M200	187.5	-20.833	0.969	9.12	8.04	8.69	15.31	149.7	-16.635	0.981	9.30	8.48	8.95	15.31	154.4	-17.154	0.983	9.27	8.30	8.87	15.31	25.0	-2.772	0.805	9.84	9.63	9.69	15.31	15.35	20.00	0.10
2025-06-06/2:28:28 PM	4721	10	F300/W1/M200	167.6	-18.624	0.968	9.18	8.19	8.79	15.20	123.6	-13.737	0.979	9.37	8.69	9.07	15.20	165.2	-18.353	0.991	9.29	8.35	8.85	15.20	5.5	-0.611	0.490	9.90	9.80	9.83	15.20	15.24	20.00	0.10
2025-06-06/2:36:49 PM	5222	11	F300/W1/M200	187.7	-20.856	0.971	9.11	8.07	8.68	15.09	103.1	-11.458	0.982	9.40	8.79	9.14	15.09	143.5	-15.944	0.990	9.36	8.55	8.98	15.09	-7.4	0.826	0.368	10.04	9.92	10.00	15.09	15.12	20.00	0.10
2025-06-06/2:45:10 PM	5723	12	F300/W1/M200	158.0	-17.552	0.962	9.25	8.35	8.89	14.99	104.2	-11.583	0.975	9.45	8.87	9.20	14.99	146.3	-16.251	0.987	9.39	8.55	9.03	14.99	32.6	-3.627	0.827	9.91	9.66	9.73	14.99	15.03	20.00	0.10
2025-06-06/2:53:31 PM	6224	13	F300/W1/M200	171.8	-19.093	0.976	9.20	8.26	8.80	15.07	98.8	-10.973	0.974	9.49	8.89	9.24	15.07	185.4	-20.600	0.991	9.43	8.34	8.95	15.07	1.8	-0.196	0.098	10.05	10.00	10.03	15.07	15.05	20.00	0.10
2025-06-06/3:01:52 PM	6725	14	F300/W1/M200	145.4	-16.155	0.951	9.26	8.42	8.92	15.23	81.8	-9.093	0.961	9.49	9.01	9.28	15.23	144.6	-16.068	0.981	9.41	8.63	9.06	15.23	39.0	-4.329	0.811	9.96	9.66	9.75	15.23	15.21	20.00	0.10
2025-06-06/3:10:13 PM	7226	15	F300/W1/M200	126.5	-14.058	0.957	9.31	8.60	9.03	15.34	83.2	-9.242	0.970	9.47	8.99	9.26	15.34	163.0	-18.107	0.974	9.47	8.52	9.08	15.34	19.1	-2.119	0.734	9.84	9.67	9.72	15.34	15.34	20.00	0.10
2025-06-06/3:18:34 PM	7727	16	F300/W1/M200	113.0	-12.551	0.957	9.40	8.77	9.14	15.27	75.0	-8.334	0.968	9.50	9.06	9.32	15.27	131.2	-14.583	0.983	9.43	8.69	9.09	15.27	36.5	-4.057	0.827	9.96	9.69	9.78	15.27	15.30	20.00	0.10
2025-06-06/3:26:55 PM	8228	17	F300/W1/M200	98.9	-10.994	0.952	9.47	8.89	9.24	15.17	78.6	-8.734	0.968	9.54	9.07	9.34	15.17	115.3	-12.810	0.984	9.49	8.83	9.19	15.17	-13.6	1.507	0.701	10.01	9.87	9.96	15.17	15.21	20.00	0.10
2025-06-06/3:35:16 PM	8729	18	F300/W1/M200	131.6	-14.623	0.929	9.54	8.74	9.26	15.05	77.9	-8.659	0.974	9.59	9.14	9.39	15.05	94.0	-10.441	0.979	9.56	9.02	9.31	15.05	27.3	-3.035	0.796	9.94	9.71	9.80	15.05	15.09	20.00	0.10
2025-06-06/3:43:37 PM	9230	19	F300/W1/M200	184.6	-20.515	0.959	9.29	8.22	8.87	15.16	74.5	-8.279	0.971	9.58	9.14	9.39	15.16	80.3	-8.920	0.971	9.57	9.08	9.36	15.16	-14.0	1.558	0.412	10.07	9.88	10.02	15.16	15.14	20.00	0.10
2025-06-06/3:51:58 PM	9731	20	F300/W1/M200	100.3	-11.145	0.923	9.40	8.81	9.18	15.26	69.7	-7.749	0.955	9.58	9.16	9.42	15.26	65.0	-7.224	0.948	9.59	9.19	9.43	15.26	16.9	-1.878	0.750	9.89	9.74	9.78	15.26	15.27	20.00	0.10
2025-06-06/4:00:19 PM	10232	21	F300/W1/M200	112.8	-12.536	0.951	9.43	8.76	9.16	15.30	76.7	-8.525	0.955	9.59	9.14	9.41	15.30	60.9	-6.772	0.966	9.62	9.26	9.46	15.30	-5.0	0.561	0.257	9.99	9.90	9.96	15.30	15.33	20.00	0.10
2025-06-06/4:08:40 PM	10733	22	F300/W1/M200	101.3	-11.251	0.945	9.49	8.91	9.25	15.34	206.6	-22.958	0.984	9.28	8.10	8.75	15.34	52.7	-5.859	0.932	9.63	9.29	9.49	15.34	-5.2	0.577	0.161	10.01	9.88	9.97	15.34	15.37	20.00	0.10
2025-06-06/4:17:01 PM	11234	23	F300/W1/M200	67.7	-7.517	0.930	9.56	9.14	9.39	15.40	133.6	-14.845	0.983	9.37	8.62	9.03	15.40	45.7	-5.075	0.931	9.62	9.31	9.49	15.40	3.9	-0.430	0.299	9.93	9.86	9.89	15.40	15.42	20.00	0.10
2025-06-06/4:25:22 PM	11735	24	F300/W1/M200	58.4	-6.492	0.918	9.62	9.26	9.47	15.41	109.1	-12.123	0.954	9.49	8.81	9.22	15.41	41.0	-4.561	0.935	9.64	9.37	9.52	15.41	-16.9	1.883	0.427	10.01	9.80	9.95	15.41	15.46	20.00	0.10
2025-06-06/4:33:43 PM	12236	25	F300/W1/M200	95.7	-10.629	0.980	9.65	9.10	9.42	15.31	149.9	-16.652	0.969	9.41	8.57	9.06	15.31	42.1	-4.682	0.929	9.68	9.41	9.56	15.31	-8.9	0.984	0.394	10.01	9.87	9.98	15.31	15.35	20.00	0.10
2025-06-06/4:42:04 PM	12737	26	F300/W1/M200	130.0	-14.449	0.961	9.61	8.90	9.33	15.19	96.5	-10.721	0.982	9.55	8.99	9.30	15.19	36.2	-4.021	0.939	9.67	9.42	9.56	15.19	1.0	-0.115	0.049	9.97	9.93	9.95	15.19	15.23	20.00	0.10
2025-06-06/4:50:25 PM	13238	27	F300/W1/M200	61.5	-6.831	0.935	9.61	9.24	9.47	15.06	85.3	-9.480	0.974	9.60	9.11	9.39	15.06	35.3	-3.921	0.935	9.66	9.44	9.56	15.06	0.3	-0.035	0.006	10.00	9.96	9.97	15.06	15.11	20.00	0.10
2025-06-06/4:58:46 PM	13739	28	F300/W1/M200	132.1	-14.680	0.941	9.58	8.84	9.31	15.03	75.1	-8.348	0.975	9.57	9.14	9.39	15.03	38.4	-4.265	0.917	9.65	9.40	9.54	15.03	-0.2	0.027	0.003	10.07	10.03	10.05	15.03	15.04	20.00	0.10
2025-06-06/5:07:07 PM	14240	29	F300/W1/M200	58.3	-6.473	0.936	9.60	9.26	9.46	15.06	70.5	-7.833	0.973	9.59	9.17	9.42	15.06	42.3	-4.702	0.948	9.63	9.35	9.50	15.06	-2.1	0.234	0.180	10.04	10.00	10.02	15.06	15.07	20.00	0.10
2025-06-06/5:15:28 PM	14741	30	F300/W1/M200	75.6	-8.398	0.948	9.63	9.19	9.46	15.08	68.0	-7.558	0.976	9.59	9.20	9.43	15.08	36.2	-4.027	0.926	9.64	9.41	9.54	15.08	-10.3	1.142	0.630	10.02	9.93	9.99	15.08	15.09	20.00	0.10
2025-06-06/5:23:49 PM	15242	31	F300/W1/M200	66.4	-7.379	0.920	9.62	9.23	9.47	15.08	66.9	-7.436	0.970	9.59	9.21	9.44	15.08	33.5	-3.717	0.927	9.64	9.42	9.56	15.08	-1.3	0.140	0.034	10.01	9.94	9.99	15.08	15.11	20.00	0.10
2025-06-06/5:32:10 PM	15743	32	F300/W1/M200	71.6	-7.960	0.906	9.62	9.18	9.47	15.11	64.6	-7.177	0.964	9.61	9.23	9.45	15.11	35.2	-3.915	0.920	9.67	9.43	9.56	15.11	-6.0	0.668	0.280	10.04	9.93	10.01	15.11	15.12	20.00	0.10
2025-06-06/5:40:31 PM	16244	33	F300/W1/M200	104.3	-11.586	0.919	9.61	8.98	9.40	15.13	65.4	-7.264	0.963	9.60	9.22	9.44	15.13	42.5	-4.723	0.940	9.64	9.36	9.52	15.13	-2.4	0.265	0.184	10.00	9.95	9.98	15.13	15.14	20.00	0.10
2025-06-06/5:48:52 PM	16745	34	F300/W1/M200	66.8	-7.426	0.919	9.59	9.17	9.43	15.14	66.6	-7.404	0.950	9.60	9.22	9.44	15.14	38.9	-4.319	0.927	9.65	9.39	9.55	15.14	3.8	-0.428	0.460	9.99	9.94	9.97	15.14	15.16	20.00	0.10
2025-06-06/5:57:13 PM	17246	35	F300/W1/M200	79.3	-8.816	0.954	9.63	9.17	9.45	15.15	65.9	-7.321	0.966	9.59	9.21	9.43	15.15	44.2	-4.916	0.932	9.63	9.35	9.51	15.15	-2.3	0.252	0.148	9.99	9.94	9.97	15.15	15.17	20.00	0.10
2025-06-06/6:05:34 PM	17747	36	F300/W1/M200	65.0	-7.218	0.937	9.62	9.24	9.46	15.16	66.2	-7.356	0.961	9.60	9.21	9.44	15.16	39.9	-4.431	0.941	9.64	9.37	9.53	15.16	2.6	-0.293	0.105	10.04	9.96	10.01	15.16	15.18	20.00	0.10
2025-06-06/6:13:55 PM	18248	37	F300/W1/M200	79.4	-8.820	0.931	9.64	9.20	9.47	15.17	67.6	-7.507	0.960	9.60	9.21	9.44	15.17	36.2	-4.026	0.925	9.65	9.42	9.55	15.17	3.6	-0.397	0.178	10.04	9.97	10.02	15.17	15.19	20.00	0.10
2025-06-06/6:22:16 PM	18749	38	F300/W1/M200	63.2	-7.026	0.942	9.63	9.25	9.48	15.17	66.5	-7.390	0.960	9.59	9.21	9.44	15.17	36.9	-4.097	0.932	9.66	9.43	9.56	15.17	2.1	-0.230	0.059	10.04	9.97	10.01	15.17	15.19	20.00	0.10
2025-06-06/6:30:37 PM	19250	39	F300/W1/M200	65.4	-7.263	0.939	9.65	9.25	9.50	15.16	63.1	-7.006	0.964	9.60	9.23	9.45	15.16	33.9	-3.762	0.908	9.66	9.44	9.57	15.16	3.7	-0.413	0.214	9.99	9.91	9.94	15.16	15.18	20.00	0.10
2025-06-06/6:38:58 PM	19751	40	F300/W1/M200	63.0	-7.004	0.903	9.65	9.28	9.51	15.16	66.7	-7.410	0.966	9.62	9.23	9.46	15.16	32.1	-3.565	0.925	9.67	9.46	9.58	15.16	-3.2	0.352	0.169	10.00	9.94	9.98	15.16	15.18	20.00	0.10
2025-06-06/6:47:19 PM	20252	41	F300/W1/M200	60.4	-6.709	0.925	9.66	9.30	9.53	15.16	63.7	-7.080	0.963	9.61	9.25	9.46	15.16	33.5	-3.725	0.918	9.69	9.46	9.58	15.16	4.7	-0.527	0.374	10.06	9.98	10.02	15.16	15.18	20.00	0.10
2025-06-06/6:55:40 PM	20753	42	F300/W1/M200	67.7	-7.521	0.923	9.66	9.26	9.50	15.15	66.9	-7.431	0.961	9.63	9.25	9.47	15.15	34.6	-3.848	0.918	9.68	9.46	9.59	15.15	3.7	-0.413	0.225	10.03	9.96	10.00	15.15	15.17	20.00	0.10
2025-06-06/7:04:01 PM	21254	43	F300/W1/M200	61.5	-6.830	0.948	9.66	9.32	9.52	15.15	67.4	-7.490	0.960	9.62	9.24	9.47	15.15	39.1	-4.348	0.932	9.68	9.44	9.58	15.15	-21.7	2.414	0.676	9.95	9.80	9.88	15.15	15.17	20.00	0.10
2025-06-06/7:12:22 PM	21755	44	F300/W1/M200	59.4	-6.595	0.934	9.66	9.32	9.52	15.13	175.9	-19.545	0.982	9.39	8.41	8.97	15.13	43.4	-4.818	0.944	9.64	9.37	9.52	15.13	-2.9	0.321	0.155	9.85	9.78	9.81	15.13	15.15	20.00	0.10
2025-06-06/7:20:43 PM	22256	45	F300/W1/M200	74.5	-8.276	0.948	9.65	9.20	9.48	15.11	106.6	-11.850	0.974	9.48	8.87	9.21	15.11	33.8	-3.756	0.924	9.65	9.41	9.56	15.11	-6.6	0.738	0.467	9.85	9.77	9.80	15.11	15.14	20.00	0.10
2025-06-06/7:29:04 PM	22757	46	F300/W1/M200	59.5	-6.610	0.939	9.61	9.24	9.47	15.09	83.7	-9.301	0.969	9.55	9.08	9.35	15.09	31.2	-3.466	0.901	9.66	9.43	9.57	15.09	-7.2	0.796	0.151	10.01	9.79	9.98	15.09	15.11	20.00	0.10
2025-06-06/7:37:25 PM	23258	47	F300/W1/M200	59.2	-6.577	0.920	9.65	9.30	9.52	15.06	74.1	-8.238	0.961	9.57	9.14	9.40	15.06	30.5	-3.389	0.902	9.67	9.46	9.58	15.06	-31.5	3.503	0.717	9.97	9.78	9.87	15.06	15.09	20.00	0.10
2025-06-06/7:45:46 PM	23759	48	F300/W1/M200	61.9	-6.880	0.927	9.65	9.27	9.51	15.06	71.3	-7.927	0.963	9.61	9.19	9.43	15.06	30.5	-3.383	0.902	9.66	9.46	9.59	15.06	-36.6	4.065	0.675	10.02	9.80	9.87	15.06	15.08	20.00	0.10
2025-06-06/7:54:07 PM	24260	49	F300/W1/M200	61.4	-6.820	0.896	9.63	9.22	9.49	15.04	65.6	-7.286	0.963	9.61	9.22	9.45	15.04	28.6	-3.182	0.903	9.70	9.48	9.60	15.04	-2.2	0.249	0.074	9.87	9.80	9.83	15.04	15.07	20.00	0.10
2025-06-06/8:02:28 PM	24761	50	F300/W1/M200	59.1	-6.562	0.925	9.63	9.28	9.49	15.03	64.1	-7.125	0.969	9.61	9.24	9.46	15.03	28.5	-3.168	0.927	9.69	9.50	9.60	15.03	-4.3	0.478	0.054	10.03	9.84	9.98	15.03	15.05	20.00	0.10
2025-06-06/8:10:49 PM	25262	51	F300/W1/M200	59.1	-6.568	0.924	9.69	9.32	9.55	15.00	62.2	-6.909	0.961	9.64	9.26	9.48	15.00	29.1	-3.228	0.900	9.70	9.48	9.62	15.00	-13.8	1.531	0.600	9.93	9.81	9.86	15.00	15.03	20.00	0.10
2025-06-06/8:19:10 PM	25763	52	F300/W1/M200	58.6	-6.506	0.941	9.68	9.33	9.54	14.98	64.5	-7.170	0.944	9.64	9.22	9.48	14.98	66.3	-7.370	0.956	9.63	9.22	9.47	14.98	-2.6	0.293	0.050	9.97	9.85	9.94	14.98	15.01	20.00	0.10
2025-06-06/8:27:31 PM	26264	53	F300/W1/M200	56.0	-6.218	0.916	9.68	9.33	9.55	14.96	69.0	-7.668	0.955	9.58	9.18	9.42	14.96	120.5	-13.389	0.976	9.57	8.89	9.26	14.96	-9.0	0.995	0.183	10.03	9.82	9.99	14.96	14.99	20.00	0.10
2025-06-06/8:35:52 PM	26765	54	F300/W1/M200	178.7	-19.850	0.979	9.51	8.47	9.08	14.94	60.2	-6.687	0.963	9.62	9.27	9.47	14.94	114.2	-12.691	0.970	9.52	8.82	9.23	14.94	-36.3	4.034	0.511	10.04	9.78	9.97	14.94	14.97	20.00	0.10
2025-06-06/8:44:13 PM	27266	55	F300/W1/M200	201.0	-22.335	0.979	9.34	8.15	8.85	14.94	57.4	-6.377	0.955	9.60	9.27	9.47	14.94	120.2	-13.356	0.972	9.49	8.76	9.20	14.94	-6.3	0.698	0.547	9.82	9.75	9.78	14.94	14.96	20.00	0.10
2025-06-06/8:52:34 PM	27767	56	F300/W1/M200	205.1	-22.794	0.978	9.26	8.09	8.78	15.02	100.7	-11.189	0.948	9.56	8.96	9.34	15.02	138.7	-15.411	0.990	9.46	8.62	9.07	15.02	-10.1	1.125	0.794	9.79	9.71	9.74	15.02	15.02	20.00	0.10
2025-06-06/9:00:55 PM	28268	57	F300/W1/M200	244.8	-27.199	0.987	9.30	7.94	8.69	15.11	154.5	-17.164	0.968	9.41	8.50	9.06	15.11	117.5	-13.054	0.987	9.43	8.71	9.09	15.11	3.9	-0.435	0.019	10.00	9.70	9.92	15.11	15.10	20.00	0.10
2025-06-06/9:09:16 PM	28769	58	F300/W1/M200	228.6	-25.396	0.989	9.17	7.88	8.60	15.19	199.4	-22.158	0.993	9.25	8.08	8.73	15.19	118.3	-13.147	0.986	9.34	8.63	9.00	15.19	-48.1	5.342	0.610	9.93	9.63	9.84	15.19	15.18	20.00	0.10
2025-06-06/9:17:37 PM	29270	59	F300/W1/M200	230.6	-25.619	0.994	9.21	7.93	8.61	15.15	202.6	-22.512	0.992	9.19	8.05	8.67	15.15	119.9	-13.321	0.985	9.30	8.62	8.99	15.15	-12.1	1.350	0.650	9.68	9.58	9.62	15.15	15.16	20.00	0.10
2025-06-06/9:25:58 PM	29771	60	F300/W1/M200	222.6	-24.734	0.989	9.02	7.75	8.46	15.25	170.5	-18.941	0.972	9.20	8.23	8.81	15.25	48.9	-5.430	0.963	9.35	9.03	9.20	15.25	-6.7	0.748	0.321	9.65	9.55	9.58	15.25	15.25	20.00	0.10
2025-06-06/9:34:19 PM	30272	61	F300/W1/M200	134.0	-14.893	0.987	9.16	8.40	8.81	15.34	136.9	-15.207	0.928	9.24	8.41	8.95	15.34	40.4	-4.492	0.964	9.37	9.12	9.25	15.34	-4.0	0.446	0.148	9.62	9.53	9.57	15.34	15.34	20.00	0.10
2025-06-06/9:42:40 PM	30773	62	F300/W1/M200	103.8	-11.533	0.984	9.37	8.78	9.11	15.28	217.3	-24.143	0.984	9.18	7.93	8.65	15.28	36.6	-4.066	0.940	9.42	9.17	9.31	15.28	-20.5	2.275	0.462	9.73	9.56	9.68	15.28	15.31	20.00	0.10
2025-06-06/9:51:01 PM	31274	63	F300/W1/M200	157.9	-17.543	0.978	9.36	8.46	9.00	15.21	111.5	-12.391	0.980	9.22	8.59	8.94	15.21	95.6	-10.624	0.975	9.35	8.80	9.11	15.21	-30.2	3.360	0.857	9.76	9.57	9.65	15.21	15.24	20.00	0.10
2025-06-06/9:59:22 PM	31775	64	F300/W1/M200	216.4	-24.047	0.997	9.06	7.80	8.46	15.16	77.7	-8.636	0.971	9.37	8.90	9.17	15.16	90.7	-10.080	0.984	9.32	8.81	9.08	15.16	-43.2	4.802	0.492	9.93	9.58	9.85	15.16	15.19	20.00	0.10
2025-06-06/10:07:43 PM	32276	65	F300/W1/M200	122.4	-13.604	0.971	9.16	8.48	8.86	15.09	70.2	-7.803	0.972	9.40	8.99	9.22	15.09	104.7	-11.639	0.981	9.30	8.67	9.04	15.09	12.3	-1.364	0.328	9.75	9.59	9.64	15.09	15.13	20.00	0.10
2025-06-06/10:16:04 PM	32777	66	F300/W1/M200	163.3	-18.149	0.966	9.38	8.41	9.01	15.03	67.2	-7.465	0.965	9.41	9.01	9.25	15.03	53.5	-5.940	0.970	9.36	9.03	9.21	15.03	-68.4	7.598	0.717	9.96	9.61	9.83	15.03	15.07	20.00	0.10
2025-06-06/10:24:25 PM	33278	67	F300/W1/M200	174.9	-19.433	0.977	9.32	8.29	8.92	14.98	64.3	-7.147	0.970	9.45	9.08	9.30	14.98	31.5	-3.498	0.944	9.49	9.29	9.40	14.98	-27.2	3.027	0.631	9.82	9.63	9.70	14.98	15.01	20.00	0.10
2025-06-06/10:32:46 PM	33779	68	F300/W1/M200	202.3	-22.481	0.976	9.30	8.13	8.83	14.92	62.9	-6.984	0.966	9.48	9.11	9.33	14.92	30.5	-3.386	0.953	9.52	9.32	9.44	14.92	-24.6	2.730	0.407	9.91	9.68	9.85	14.92	14.96	20.00	0.10
2025-06-06/10:41:07 PM	34280	69	F300/W1/M200	142.3	-15.807	0.950	9.23	8.40	8.91	15.12	70.3	-7.806	0.977	9.43	9.02	9.26	15.12	39.8	-4.427	0.970	9.49	9.25	9.38	15.12	-14.8	1.649	0.702	9.81	9.70	9.77	15.12	15.02	20.00	0.10
2025-06-06/10:49:28 PM	34781	70	F300/W1/M200	140.7	-15.635	0.946	9.46	8.62	9.15	15.13	64.5	-7.166	0.968	9.50	9.13	9.34	15.13	30.8	-3.422	0.938	9.55	9.35	9.47	15.13	-9.7	1.081	0.199	9.93	9.72	9.90	15.13	15.18	20.00	0.10
2025-06-06/10:57:49 PM	35282	71	F300/W1/M200	186.9	-20.766	0.981	9.36	8.25	8.89	15.08	63.4	-7.041	0.973	9.53	9.17	9.38	15.08	91.7	-10.191	0.970	9.51	8.97	9.29	15.08	-22.4	2.490	0.325	9.98	9.72	9.92	15.08	15.11	20.00	0.10
2025-06-06/11:06:10 PM	35783	72	F300/W1/M200	217.1	-24.123	0.975	9.13	7.90	8.62	15.09	70.6	-7.841	0.969	9.46	9.05	9.29	15.09	99.1	-11.017	0.976	9.41	8.84	9.12	15.09	4.8	-0.538	0.035	9.96	9.69	9.90	15.09	15.09	20.00	0.10
2025-06-06/11:14:31 PM	36284	73	F300/W1/M200	209.3	-23.257	0.973	9.13	7.98	8.66	15.18	61.9	-6.881	0.972	9.46	9.09	9.31	15.18	35.8	-3.980	0.952	9.49	9.27	9.39	15.18	-19.0	2.110	0.193	9.93	9.66	9.86	15.18	15.18	20.00	0.10
2025-06-06/11:22:52 PM	36785	74	F300/W1/M200	136.0	-15.117	0.938	9.32	8.51	9.02	15.25	67.2	-7.465	0.964	9.47	9.07	9.31	15.25	31.7	-3.521	0.940	9.50	9.30	9.42	15.25	-4.7	0.520	0.227	9.71	9.63	9.67	15.25	15.26	20.00	0.10
2025-06-06/11:31:13 PM	37286	75	F300/W1/M200	162.7	-18.074	0.971	9.40	8.46	9.03	15.33	77.9	-8.651	0.968	9.43	8.95	9.23	15.33	31.6	-3.507	0.926	9.50	9.29	9.42	15.33	-5.0	0.561	0.276	9.72	9.64	9.67	15.33	15.34	20.00	0.10
2025-06-06/11:39:34 PM	37787	76	F300/W1/M200	79.5	-8.836	0.960	9.42	8.96	9.22	15.40	121.7	-13.523	0.935	9.46	8.73	9.20	15.40	32.6	-3.621	0.952	9.50	9.31	9.42	15.40	-31.9	3.549	0.511	9.92	9.66	9.82	15.40	15.41	20.00	0.10
2025-06-06/11:47:55 PM	38288	77	F300/W1/M200	67.0	-7.449	0.961	9.51	9.13	9.35	15.32	82.4	-9.160	0.973	9.39	8.93	9.20	15.32	28.9	-3.208	0.953	9.52	9.34	9.44	15.32	6.3	-0.702	0.090	9.93	9.69	9.87	15.32	15.37	20.00	0.10
2025-06-06/11:56:16 PM	38789	78	F300/W1/M200	48.7	-5.415	0.927	9.51	9.21	9.39	15.23	63.9	-7.097	0.963	9.47	9.09	9.31	15.23	43.6	-4.846	0.920	9.54	9.27	9.44	15.23	-5.1	0.570	0.046	9.96	9.71	9.92	15.23	15.26	20.00	0.10
2025-06-07/12:04:37 AM	39290	79	F300/W1/M200	79.5	-8.835	0.907	9.54	9.05	9.37	15.19	62.4	-6.935	0.968	9.51	9.15	9.36	15.19	92.8	-10.314	0.984	9.46	8.94	9.22	15.19	-21.2	2.356	0.659	9.90	9.72	9.86	15.19	15.24	20.00	0.10
2025-06-07/12:12:58 AM	39791	80	F300/W1/M200	60.6	-6.735	0.933	9.44	9.08	9.30	15.15	62.4	-6.935	0.959	9.50	9.14	9.35	15.15	40.1	-4.454	0.961	9.51	9.25	9.40	15.15	2.9	-0.319	0.017	9.99	9.74	9.94	15.15	15.19	20.00	0.10
2025-06-07/12:21:19 AM	40292	81	F300/W1/M200	53.8	-5.974	0.931	9.54	9.22	9.41	15.10	60.9	-6.764	0.960	9.52	9.17	9.38	15.10	28.1	-3.127	0.923	9.58	9.39	9.50	15.10	-7.4	0.817	0.116	9.98	9.76	9.94	15.10	15.15	20.00	0.10
2025-06-07/12:29:40 AM	40793	82	F300/W1/M200	54.8	-6.083	0.929	9.56	9.22	9.42	15.06	60.4	-6.709	0.958	9.54	9.19	9.40	15.06	28.1	-3.123	0.895	9.61	9.41	9.53	15.06	-10.1	1.117	0.198	9.97	9.76	9.94	15.06	15.11	20.00	0.10
2025-06-07/12:38:01 AM	41294	83	F300/W1/M200	212.1	-23.568	0.983	9.47	8.26	8.98	15.11	64.2	-7.136	0.962	9.59	9.22	9.44	15.11	32.3	-3.592	0.930	9.62	9.42	9.53	15.11	-18.9	2.098	0.574	9.94	9.78	9.88	15.11	15.12	20.00	0.10
2025-06-07/12:46:22 AM	41795	84	F300/W1/M200	242.9	-26.990	0.992	9.26	7.89	8.65	15.19	81.3	-9.032	0.963	9.55	9.07	9.37	15.19	43.8	-4.861	0.973	9.58	9.30	9.47	15.19	-34.7	3.851	0.601	9.95	9.73	9.86	15.19	15.21	20.00	0.10
2025-06-07/12:54:43 AM	42296	85	F300/W1/M200	248.0	-27.551	0.986	9.12	7.75	8.51	15.27	68.2	-7.583	0.969	9.48	9.10	9.31	15.27	100.2	-11.129	0.981	9.46	8.89	9.22	15.27	-17.7	1.961	0.547	9.88	9.68	9.72	15.27	15.28	20.00	0.10
2025-06-07/1:03:04 AM	42797	86	F300/W1/M200	234.4	-26.040	0.994	9.17	7.85	8.56	15.25	58.1	-6.461	0.958	9.46	9.12	9.32	15.25	85.9	-9.539	0.981	9.45	8.90	9.22	15.25	-52.3	5.816	0.632	9.96	9.66	9.76	15.25	15.29	20.00	0.10
2025-06-07/1:11:25 AM	43298	87	F300/W1/M200	191.7	-21.304	0.974	9.01	7.99	8.57	15.20	95.8	-10.640	0.949	9.45	8.91	9.25	15.20	85.4	-9.492	0.980	9.35	8.87	9.12	15.20	-37.7	4.191	0.461	9.94	9.64	9.85	15.20	15.24	20.00	0.10
2025-06-07/1:19:46 AM	43799	88	F300/W1/M200	81.5	-9.059	0.960	9.36	8.91	9.18	15.15	62.3	-6.926	0.959	9.43	9.06	9.28	15.15	29.7	-3.296	0.931	9.48	9.29	9.40	15.15	-12.1	1.342	0.212	9.96	9.69	9.90	15.15	15.20	20.00	0.10
2025-06-07/1:28:07 AM	44300	89	F300/W1/M200	59.2	-6.581	0.926	9.49	9.12	9.35	15.12	61.1	-6.787	0.952	9.49	9.13	9.34	15.12	38.6	-4.294	0.923	9.51	9.26	9.42	15.12	-31.8	3.530	0.370	9.97	9.68	9.90	15.12	15.16	20.00	0.10
2025-06-07/1:36:28 AM	44801	90	F300/W1/M200	52.2	-5.798	0.939	9.55	9.23	9.43	15.19	121.9	-13.543	0.923	9.50	8.79	9.26	15.19	32.8	-3.648	0.938	9.54	9.34	9.46	15.19	-40.3	4.478	0.757	9.93	9.71	9.84	15.19	15.20	20.00	0.10
2025-06-07/1:44:49 AM	45302	91	F300/W1/M200	100.0	-11.111	0.928	9.56	8.97	9.35	15.27	81.3	-9.036	0.969	9.48	9.02	9.28	15.27	42.7	-4.745	0.953	9.55	9.31	9.45	15.27	12.6	-1.400	0.799	9.77	9.67	9.71	15.27	15.27	20.00	0.10
2025-06-07/1:53:10 AM	45803	92	F300/W1/M200	226.9	-25.212	0.982	9.31	8.04	8.77	15.20	65.2	-7.244	0.975	9.52	9.15	9.36	15.20	32.0	-3.551	0.946	9.57	9.38	9.49	15.20	2.7	-0.301	0.217	9.76	9.70	9.72	15.20	15.22	20.00	0.10
2025-06-07/2:01:31 AM	46304	93	F300/W1/M200	221.6	-24.624	0.982	9.26	8.00	8.75	15.13	63.6	-7.066	0.971	9.52	9.16	9.37	15.13	71.4	-7.932	0.963	9.55	9.13	9.39	15.13	11.0	-1.222	0.432	9.81	9.71	9.75	15.13	15.15	20.00	0.10
2025-06-07/2:09:52 AM	46805	94	F300/W1/M200	249.4	-27.715	0.997	9.16	7.70	8.47	15.06	110.6	-12.289	0.971	9.50	8.91	9.25	15.06	124.0	-13.774	0.979	9.45	8.77	9.13	15.06	12.6	-1.395	0.671	9.79	9.67	9.71	15.06	15.08	20.00	0.10
2025-06-07/2:18:13 AM	47306	95	F300/W1/M200	253.2	-28.135	0.995	9.05	7.65	8.38	15.02	77.5	-8.615	0.977	9.42	8.99	9.24	15.02	76.7	-8.519	0.984	9.37	8.94	9.16	15.02	4.0	-0.447	0.156	9.70	9.61	9.64	15.02	15.02	20.00	0.10
2025-06-07/2:26:34 AM	47807	96	F300/W1/M200	238.4	-26.485	0.994	9.04	7.70	8.42	15.11	66.1	-7.346	0.969	9.45	9.07	9.29	15.11	36.5	-4.051	0.948	9.47	9.25	9.37	15.11	11.7	-1.295	0.550	9.73	9.61	9.64	15.11	15.10	20.00	0.10
2025-06-07/2:34:55 AM	48308	97	F300/W1/M200	253.1	-28.125	0.989	9.05	7.64	8.44	15.17	66.9	-7.430	0.968	9.43	9.04	9.27	15.17	35.5	-3.940	0.955	9.48	9.25	9.39	15.17	10.3	-1.144	0.468	9.72	9.61	9.64	15.17	15.17	20.00	0.10
2025-06-07/2:43:16 AM	48809	98	F300/W1/M200	215.6	-23.950	0.964	9.14	7.91	8.65	15.13	78.9	-8.764	0.975	9.37	8.92	9.18	15.13	43.4	-4.823	0.986	9.48	9.20	9.35	15.13	7.1	-0.791	0.383	9.68	9.59	9.62	15.13	15.16	20.00	0.10
2025-06-07/2:51:37 AM	49310	99	F300/W1/M200	216.8	-24.088	0.985	9.17	7.92	8.64	15.05	65.2	-7.250	0.966	9.43	9.04	9.28	15.05	35.1	-3.904	0.957	9.48	9.27	9.38	15.05	-0.5	0.052	0.002	9.70	9.61	9.65	15.05	15.08	20.00	0.10
2025-06-07/2:59:58 AM	49811	100	F300/W1/M200	87.3	-9.699	0.959	9.34	8.84	9.13	15.04	115.5	-12.832	0.966	9.39	8.72	9.11	15.04	34.6	-3.847	0.947	9.48	9.26	9.39	15.04	-20.5	2.274	0.831	9.84	9.69	9.79	15.04	15.03	20.00	0.10
2025-06-07/3:08:19 AM	50312	101	F300/W1/M200	66.0	-7.335	0.958	9.46	9.08	9.31	15.11	73.6	-8.182	0.969	9.43	9.00	9.26	15.11	35.3	-3.925	0.943	9.50	9.29	9.41	15.11	-9.1	1.009	0.333	9.84	9.70	9.81	15.11	15.11	20.00	0.10
2025-06-07/3:16:40 AM	50813	102	F300/W1/M200	157.5	-17.499	0.951	9.53	8.57	9.19	15.07	71.3	-7.919	0.970	9.48	9.08	9.32	15.07	123.3	-13.702	0.984	9.47	8.77	9.16	15.07	-15.7	1.745	0.926	9.86	9.74	9.81	15.07	15.10	20.00	0.10
2025-06-07/3:25:01 AM	51314	103	F300/W1/M200	236.4	-26.269	0.976	9.16	7.83	8.63	15.05	65.4	-7.271	0.970	9.51	9.14	9.35	15.05	74.0	-8.219	0.979	9.40	8.97	9.19	15.05	-6.7	0.742	0.114	9.91	9.72	9.88	15.05	15.04	20.00	0.10
2025-06-07/3:33:22 AM	51815	104	F300/W1/M200	245.4	-27.265	0.986	9.24	7.87	8.65	15.12	64.0	-7.116	0.969	9.47	9.10	9.31	15.12	33.9	-3.765	0.948	9.52	9.30	9.41	15.12	12.6	-1.404	0.651	9.75	9.64	9.67	15.12	15.12	20.00	0.10
2025-06-07/3:41:43 AM	52316	105	F300/W1/M200	117.4	-13.040	0.939	9.22	8.51	8.94	15.19	122.7	-13.634	0.942	9.47	8.77	9.21	15.19	37.3	-4.143	0.939	9.49	9.26	9.40	15.19	7.4	-0.822	0.286	9.74	9.63	9.67	15.19	15.18	20.00	0.10
2025-06-07/3:50:04 AM	52817	106	F300/W1/M200	232.6	-25.850	0.988	9.29	7.96	8.72	15.25	73.9	-8.209	0.966	9.42	8.98	9.24	15.25	34.3	-3.816	0.946	9.50	9.27	9.40	15.25	-19.7	2.190	0.797	9.85	9.71	9.80	15.25	15.25	20.00	0.10
2025-06-07/3:58:25 AM	53318	107	F300/W1/M200	115.7	-12.861	0.953	9.18	8.50	8.90	15.32	62.2	-6.908	0.969	9.45	9.08	9.29	15.32	35.3	-3.926	0.945	9.48	9.25	9.38	15.32	2.8	-0.313	0.062	9.70	9.60	9.64	15.32	15.32	20.00	0.10
2025-06-07/4:06:46 AM	53819	108	F300/W1/M200	117.1	-13.007	0.903	9.41	8.71	9.16	15.30	65.2	-7.247	0.962	9.44	9.07	9.29	15.30	32.9	-3.658	0.921	9.51	9.29	9.41	15.30	-1.0	0.117	0.011	9.72	9.63	9.66	15.30	15.34	20.00	0.10
2025-06-07/4:15:07 AM	54320	109	F300/W1/M200	241.4	-26.820	0.982	9.06	7.70	8.48	15.27	60.6	-6.733	0.971	9.46	9.12	9.31	15.27	69.3	-7.698	0.981	9.46	9.05	9.26	15.27	13.2	-1.470	0.628	9.73	9.61	9.65	15.27	15.30	20.00	0.10
2025-06-07/4:23:28 AM	54821	110	F300/W1/M200	172.9	-19.210	0.947	9.16	8.13	8.77	15.22	63.0	-6.996	0.964	9.44	9.08	9.29	15.22	85.2	-9.463	0.966	9.34	8.81	9.11	15.22	-1.0	0.107	0.013	9.67	9.60	9.63	15.22	15.25	20.00	0.10
2025-06-07/4:31:49 AM	55322	111	F300/W1/M200	92.5	-10.278	0.952	9.23	8.71	9.01	15.17	69.0	-7.669	0.955	9.42	9.01	9.26	15.17	47.7	-5.296	0.956	9.42	9.12	9.28	15.17	20.6	-2.292	0.709	9.76	9.61	9.67	15.17	15.20	20.00	0.10
2025-06-07/4:40:10 AM	55823	112	F300/W1/M200	70.6	-7.844	0.930	9.44	9.03	9.28	15.12	71.2	-7.915	0.960	9.40	8.99	9.23	15.12	33.0	-3.664	0.923	9.50	9.29	9.41	15.12	4.3	-0.473	0.160	9.72	9.62	9.66	15.12	15.15	20.00	0.10
2025-06-07/4:48:31 AM	56324	113	F300/W1/M200	92.2	-10.245	0.952	9.44	8.88	9.23	15.21	66.7	-7.410	0.980	9.43	9.04	9.27	15.21	35.3	-3.926	0.965	9.49	9.26	9.39	15.21	13.0	-1.442	0.567	9.79	9.65	9.69	15.21	15.16	20.00	0.10
2025-06-07/4:56:52 AM	56825	114	F300/W1/M200	207.5	-23.060	0.975	9.27	8.11	8.79	15.39	60.9	-6.770	0.952	9.44	9.08	9.29	15.39	37.6	-4.179	0.896	9.50	9.26	9.39	15.39	9.5	-1.059	0.336	9.74	9.55	9.66	15.39	15.35	20.00	0.10
2025-06-07/5:05:13 AM	57326	115	F300/W1/M200	239.7	-26.632	0.995	9.25	7.85	8.61	15.30	67.7	-7.528	0.952	9.47	9.06	9.30	15.30	44.9	-4.990	0.923	9.50	9.21	9.39	15.30	-25.0	2.783	0.860	9.86	9.69	9.80	15.30	15.33	20.00	0.10
2025-06-07/5:13:34 AM	57827	116	F300/W1/M200	99.1	-11.015	0.932	9.34	8.75	9.11	15.25	64.0	-7.112	0.956	9.45	9.08	9.29	15.25	87.0	-9.665	0.967	9.42	8.87	9.20	15.25	9.4	-1.048	0.578	9.70	9.61	9.64	15.25	15.28	20.00	0.10
2025-06-07/5:21:55 AM	58328	117	F300/W1/M200	92.1	-10.236	0.928	9.44	8.85	9.23	15.21	63.1	-7.011	0.960	9.46	9.07	9.29	15.21	72.3	-8.029	0.978	9.42	8.99	9.22	15.21	-24.6	2.738	0.932	9.85	9.68	9.78	15.21	15.23	20.00	0.10
2025-06-07/5:30:16 AM	58829	118	F300/W1/M200	84.4	-9.380	0.946	9.35	8.86	9.13	15.15	63.0	-7.005	0.969	9.46	9.10	9.31	15.15	33.0	-3.665	0.934	9.51	9.30	9.42	15.15	1.5	-0.170	0.007	9.93	9.74	9.88	15.15	15.18	20.00	0.10
2025-06-07/5:38:37 AM	59330	119	F300/W1/M200	63.4	-7.040	0.944	9.50	9.13	9.35	15.11	60.6	-6.733	0.960	9.50	9.14	9.35	15.11	31.9	-3.545	0.922	9.55	9.33	9.45	15.11	9.0	-1.003	0.562	9.75	9.65	9.69	15.11	15.14	20.00	0.10
2025-06-07/5:46:58 AM	59831	120	F300/W1/M200	65.3	-7.257	0.955	9.50	9.14	9.35	15.27	67.2	-7.471	0.965	9.48	9.08	9.32	15.27	38.1	-4.234	0.961	9.53	9.30	9.42	15.27	8.4	-0.930	0.614	9.76	9.66	9.70	15.27	15.21	20.00	0.10
2025-06-07/5:55:19 AM	60332	121	F300/W1/M200	62.3	-6.920	0.953	9.56	9.20	9.41	15.30	61.3	-6.816	0.970	9.54	9.17	9.38	15.30	33.3	-3.695	0.930	9.58	9.37	9.49	15.30	2.7	-0.305	0.023	9.85	9.73	9.80	15.30	15.34	20.00	0.10
2025-06-07/6:03:40 AM	60833	122	F300/W1/M200	60.8	-6.754	0.946	9.58	9.23	9.43	15.26	62.8	-6.979	0.967	9.54	9.18	9.38	15.26	33.9	-3.768	0.946	9.59	9.37	9.50	15.26	6.3	-0.698	0.515	9.79	9.71	9.74	15.26	15.28	20.00	0.10
2025-06-07/6:12:01 AM	61334	123	F300/W1/M200	64.7	-7.192	0.945	9.60	9.22	9.44	15.20	61.8	-6.872	0.967	9.57	9.21	9.41	15.20	33.9	-3.765	0.934	9.62	9.39	9.52	15.20	7.4	-0.819	0.522	9.79	9.71	9.74	15.20	15.23	20.00	0.10
2025-06-07/6:20:22 AM	61835	124	F300/W1/M200	58.9	-6.547	0.956	9.61	9.27	9.47	15.15	60.7	-6.750	0.965	9.59	9.23	9.43	15.15	31.0	-3.448	0.918	9.64	9.43	9.55	15.15	14.5	-1.616	0.499	9.89	9.76	9.83	15.15	15.17	20.00	0.10
2025-06-07/6:28:43 AM	62336	125	F300/W1/M200	65.0	-7.220	0.947	9.63	9.24	9.48	15.10	65.2	-7.246	0.968	9.60	9.22	9.44	15.10	35.7	-3.963	0.941	9.65	9.40	9.55	15.10	10.3	-1.143	0.691	9.85	9.75	9.79	15.10	15.13	20.00	0.10
2025-06-07/6:37:04 AM	62837	126	F300/W1/M200	61.0	-6.777	0.957	9.60	9.23	9.45	15.31	63.2	-7.022	0.963	9.56	9.19	9.41	15.31	36.4	-4.044	0.949	9.63	9.38	9.53	15.31	4.6	-0.516	0.437	9.82	9.75	9.78	15.31	15.27	20.00	0.10
2025-06-07/6:45:25 AM	63338	127	F300/W1/M200	68.5	-7.613	0.967	9.62	9.21	9.46	15.31	61.6	-6.844	0.965	9.60	9.24	9.45	15.31	33.8	-3.760	0.924	9.65	9.42	9.56	15.31	-12.1	1.345	0.677	9.90	9.77	9.85	15.31	15.35	20.00	0.10
2025-06-07/6:53:46 AM	63839	128	F300/W1/M200	64.3	-7.139	0.955	9.63	9.26	9.49	15.26	59.6	-6.626	0.965	9.61	9.25	9.45	15.26	34.8	-3.868	0.942	9.66	9.43	9.56	15.26	10.6	-1.173	0.429	9.89	9.78	9.83	15.26	15.28	20.00	0.10
2025-06-07/7:02:07 AM	64340	129	F300/W1/M200	67.5	-7.499	0.953	9.64	9.26	9.49	15.22	61.1	-6.792	0.968	9.61	9.26	9.46	15.22	31.0	-3.441	0.941	9.65	9.45	9.57	15.22	-3.1	0.341	0.036	9.97	9.81	9.93	15.22	15.24	20.00	0.10
2025-06-07/7:10:28 AM	64841	130	F300/W1/M200	63.5	-7.050	0.954	9.64	9.28	9.50	15.17	62.8	-6.978	0.963	9.61	9.24	9.46	15.17	33.1	-3.674	0.921	9.67	9.45	9.58	15.17	-4.9	0.550	0.536	9.89	9.82	9.86	15.17	15.20	20.00	0.10
2025-06-07/7:18:49 AM	65342	131	F300/W1/M200	58.4	-6.494	0.944	9.63	9.28	9.50	15.14	61.6	-6.844	0.960	9.62	9.26	9.47	15.14	39.8	-4.425	0.939	9.66	9.41	9.56	15.14	-1.8	0.195	0.088	9.84	9.78	9.81	15.14	15.16	20.00	0.10
2025-06-07/7:27:10 AM	65843	132	F300/W1/M200	62.6	-6.958	0.952	9.66	9.29	9.52	15.11	61.8	-6.872	0.966	9.63	9.29	9.49	15.11	36.4	-4.048	0.941	9.68	9.43	9.57	15.11	7.8	-0.870	0.511	9.86	9.76	9.80	15.11	15.13	20.00	0.10
2025-06-07/7:35:31 AM	66344	133	F300/W1/M200	57.2	-6.354	0.955	9.67	9.34	9.53	15.07	58.9	-6.547	0.964	9.65	9.30	9.50	15.07	33.3	-3.703	0.945	9.67	9.45	9.57	15.07	6.3	-0.700	0.530	9.86	9.79	9.82	15.07	15.09	20.00	0.10
2025-06-07/7:43:52 AM	66845	134	F300/W1/M200	55.9	-6.207	0.966	9.69	9.36	9.55	15.05	58.8	-6.532	0.973	9.65	9.30	9.50	15.05	34.3	-3.807	0.935	9.68	9.45	9.57	15.05	0.6	-0.068	0.006	9.86	9.79	9.82	15.05	15.07	20.00	0.10
2025-06-07/7:52:13 AM	67346	135	F300/W1/M200	59.7	-6.637	0.955	9.71	9.35	9.56	15.02	61.7	-6.852	0.964	9.65	9.29	9.50	15.02	93.1	-10.349	0.967	9.67	9.10	9.43	15.02	3.1	-0.343	0.158	9.87	9.80	9.83	15.02	15.04	20.00	0.10
2025-06-07/8:00:34 AM	67847	136	F300/W1/M200	53.2	-5.914	0.961	9.69	9.37	9.56	15.28	59.2	-6.574	0.974	9.61	9.27	9.47	15.28	64.8	-7.200	0.980	9.57	9.15	9.38	15.28	-2.7	0.296	0.162	9.83	9.76	9.80	15.28	15.22	20.00	0.10
2025-06-07/8:08:55 AM	68348	137	F300/W1/M200	55.7	-6.193	0.953	9.67	9.34	9.54	15.27	62.2	-6.909	0.962	9.64	9.27	9.48	15.27	80.1	-8.903	0.956	9.61	9.14	9.42	15.27	6.0	-0.661	0.325	9.88	9.80	9.83	15.27	15.28	20.00	0.10
2025-06-07/8:17:16 AM	68849	138	F300/W1/M200	55.7	-6.186	0.959	9.65	9.32	9.52	15.28	59.8	-6.645	0.964	9.62	9.27	9.47	15.28	42.6	-4.728	0.948	9.64	9.38	9.53	15.28	-3.7	0.406	0.070	9.94	9.79	9.92	15.28	15.30	20.00	0.10
2025-06-07/8:25:37 AM	69350	139	F300/W1/M200	50.9	-5.660	0.953	9.67	9.37	9.54	15.27	60.4	-6.708	0.967	9.62	9.27	9.47	15.27	41.7	-4.629	0.960	9.66	9.41	9.54	15.27	3.0	-0.337	0.203	9.84	9.77	9.80	15.27	15.28	20.00	0.10
2025-06-07/8:33:58 AM	69851	140	F300/W1/M200	67.3	-7.473	0.947	9.67	9.29	9.52	15.27	62.8	-6.976	0.970	9.63	9.27	9.48	15.27	33.1	-3.680	0.947	9.68	9.46	9.58	15.27	2.8	-0.308	0.153	9.84	9.77	9.80	15.27	15.27	20.00	0.10
2025-06-07/8:42:19 AM	70352	141	F300/W1/M200	77.2	-8.576	0.928	9.65	9.17	9.48	15.25	61.4	-6.818	0.976	9.63	9.28	9.48	15.25	33.8	-3.761	0.961	9.68	9.46	9.58	15.25	1.8	-0.199	0.095	9.85	9.80	9.82	15.25	15.26	20.00	0.10
2025-06-07/8:50:40 AM	70853	142	F300/W1/M200	62.1	-6.902	0.953	9.63	9.29	9.48	15.24	61.8	-6.870	0.969	9.63	9.27	9.47	15.24	36.0	-3.997	0.956	9.68	9.46	9.57	15.24	-2.3	0.256	0.122	9.83	9.78	9.81	15.24	15.25	20.00	0.10
2025-06-07/8:59:01 AM	71354	143	F300/W1/M200	49.2	-5.469	0.949	9.67	9.39	9.55	15.23	62.1	-6.905	0.969	9.63	9.28	9.48	15.23	33.7	-3.743	0.941	9.68	9.45	9.58	15.23	-9.2	1.027	0.346	9.90	9.78	9.83	15.23	15.23	20.00	0.10
2025-06-07/9:07:22 AM	71855	144	F300/W1/M200	39.5	-4.387	0.921	9.69	9.45	9.59	15.24	53.9	-5.987	0.962	9.64	9.33	9.51	15.24	31.5	-3.498	0.933	9.69	9.48	9.59	15.24	0.5	-0.051	0.006	9.86	9.80	9.82	15.24	15.24	20.00	0.10
2025-06-07/9:15:43 AM	72356	145	F300/W1/M200	47.9	-5.318	0.935	9.69	9.40	9.56	15.24	62.2	-6.909	0.965	9.66	9.31	9.50	15.24	47.1	-5.229	0.962	9.67	9.40	9.54	15.24	-4.1	0.460	0.061	9.97	9.82	9.94	15.24	15.24	20.00	0.10
2025-06-07/9:24:04 AM	72857	146	F300/W1/M200	40.7	-4.525	0.943	9.68	9.43	9.58	15.22	58.2	-6.463	0.970	9.65	9.30	9.51	15.22	34.2	-3.801	0.955	9.69	9.47	9.60	15.22	-0.2	0.027	0.003	9.85	9.81	9.83	15.22	15.23	20.00	0.10
2025-06-07/9:32:25 AM	73358	147	F300/W1/M200	48.2	-5.353	0.958	9.70	9.42	9.58	15.22	61.5	-6.834	0.977	9.66	9.31	9.50	15.22	37.3	-4.141	0.959	9.69	9.45	9.59	15.22	-4.8	0.531	0.427	9.89	9.82	9.86	15.22	15.22	20.00	0.10
2025-06-07/9:40:46 AM	73859	148	F300/W1/M200	50.8	-5.646	0.954	9.70	9.41	9.58	15.20	61.8	-6.872	0.977	9.67	9.32	9.51	15.20	37.2	-4.129	0.962	9.70	9.48	9.60	15.20	-1.2	0.131	0.034	9.87	9.81	9.84	15.20	15.21	20.00	0.10
2025-06-07/9:49:07 AM	74360	149	F300/W1/M200	50.4	-5.600	0.952	9.71	9.43	9.59	15.17	64.8	-7.201	0.975	9.67	9.29	9.51	15.17	32.7	-3.632	0.946	9.72	9.52	9.62	15.17	-17.9	1.985	0.935	9.97	9.83	9.91	15.17	15.18	20.00	0.10
2025-06-07/9:57:28 AM	74861	150	F300/W1/M200	55.5	-6.165	0.957	9.71	9.40	9.58	15.16	62.5	-6.945	0.973	9.67	9.33	9.52	15.16	42.9	-4.769	0.967	9.71	9.44	9.59	15.16	1.6	-0.179	0.137	9.88	9.83	9.85	15.16	15.16	20.00	0.10
2025-06-07/10:05:49 AM	75362	151	F300/W1/M200	48.8	-5.425	0.947	9.71	9.42	9.58	15.13	59.2	-6.575	0.970	9.68	9.33	9.53	15.13	32.8	-3.647	0.950	9.73	9.52	9.63	15.13	5.4	-0.605	0.390	9.89	9.82	9.85	15.13	15.14	20.00	0.10
2025-06-07/10:14:10 AM	75863	152	F300/W1/M200	53.9	-5.993	0.957	9.72	9.41	9.59	15.13	60.9	-6.771	0.980	9.68	9.34	9.53	15.13	33.6	-3.736	0.962	9.72	9.52	9.62	15.13	1.6	-0.173	0.014	10.05	9.90	10.01	15.13	15.13	20.00	0.10
2025-06-07/10:22:31 AM	76364	153	F300/W1/M200	46.8	-5.199	0.949	9.71	9.43	9.59	15.10	59.5	-6.614	0.973	9.68	9.35	9.54	15.10	31.6	-3.510	0.943	9.72	9.53	9.64	15.10	-9.2	1.017	0.384	10.00	9.87	9.98	15.10	15.11	20.00	0.10
2025-06-07/10:30:52 AM	76865	154	F300/W1/M200	60.5	-6.720	0.925	9.73	9.36	9.59	15.09	61.5	-6.837	0.981	9.69	9.34	9.54	15.09	35.8	-3.980	0.967	9.72	9.49	9.61	15.09	-12.5	1.390	0.647	9.99	9.86	9.96	15.09	15.10	20.00	0.10
2025-06-07/10:39:13 AM	77366	155	F300/W1/M200	46.5	-5.172	0.936	9.70	9.42	9.59	15.07	55.4	-6.151	0.973	9.69	9.37	9.56	15.07	30.0	-3.339	0.943	9.74	9.54	9.64	15.07	9.9	-1.103	0.596	9.92	9.83	9.86	15.07	15.08	20.00	0.10
2025-06-07/10:47:34 AM	77867	156	F300/W1/M200	45.1	-5.006	0.939	9.74	9.47	9.62	15.07	56.4	-6.270	0.958	9.70	9.37	9.56	15.07	30.3	-3.368	0.938	9.75	9.55	9.66	15.07	3.4	-0.382	0.349	9.90	9.85	9.86	15.07	15.07	20.00	0.10
2025-06-07/10:55:55 AM	78368	157	F300/W1/M200	43.7	-4.856	0.943	9.74	9.49	9.63	15.07	59.6	-6.625	0.959	9.72	9.38	9.57	15.07	32.5	-3.613	0.940	9.75	9.56	9.66	15.07	3.7	-0.414	0.349	9.91	9.86	9.88	15.07	15.08	20.00	0.10
2025-06-07/11:04:16 AM	78869	158	F300/W1/M200	43.4	-4.826	0.953	9.75	9.50	9.63	15.07	57.5	-6.389	0.974	9.71	9.39	9.57	15.07	30.2	-3.358	0.941	9.76	9.56	9.66	15.07	3.5	-0.388	0.273	9.90	9.85	9.87	15.07	15.07	20.00	0.10
2025-06-07/11:12:37 AM	79370	159	F300/W1/M200	46.0	-5.114	0.954	9.74	9.48	9.63	15.08	58.8	-6.531	0.975	9.71	9.36	9.56	15.08	32.0	-3.555	0.958	9.76	9.56	9.66	15.08	1.0	-0.116	0.025	9.92	9.86	9.89	15.08	15.07	20.00	0.10
2025-06-07/11:20:58 AM	79871	160	F300/W1/M200	74.4	-8.262	0.925	9.75	9.30	9.59	15.09	59.3	-6.593	0.971	9.71	9.37	9.56	15.09	32.0	-3.550	0.944	9.76	9.56	9.67	15.09	0.7	-0.082	0.022	9.91	9.86	9.88	15.09	15.08	20.00	0.10
2025-06-07/11:29:19 AM	80372	161	F300/W1/M200	53.0	-5.887	0.949	9.69	9.38	9.56	15.11	60.0	-6.672	0.968	9.71	9.37	9.56	15.11	32.9	-3.652	0.952	9.77	9.56	9.67	15.11	-1.5	0.165	0.012	10.04	9.89	10.01	15.11	15.10	20.00	0.10
2025-06-07/11:37:40 AM	80873	162	F300/W1/M200	48.7	-5.411	0.950	9.74	9.46	9.62	15.15	60.2	-6.688	0.959	9.71	9.34	9.54	15.15	35.3	-3.927	0.940	9.77	9.53	9.66	15.15	1.6	-0.173	0.023	9.95	9.87	9.91	15.15	15.14	20.00	0.10
2025-06-07/11:46:01 AM	81374	163	F300/W1/M200	65.9	-7.321	0.946	9.75	9.36	9.60	15.18	59.7	-6.630	0.970	9.71	9.36	9.56	15.18	34.5	-3.831	0.943	9.79	9.55	9.66	15.18	1.8	-0.197	0.079	9.92	9.85	9.88	15.18	15.17	20.00	0.10
2025-06-07/11:54:22 AM	81875	164	F300/W1/M200	46.5	-5.163	0.932	9.75	9.45	9.62	15.22	60.6	-6.737	0.967	9.69	9.33	9.54	15.22	32.4	-3.602	0.931	9.77	9.54	9.66	15.22	1.1	-0.119	0.031	9.91	9.85	9.88	15.22	15.21	20.00	0.10
2025-06-07/12:02:43 PM	82376	165	F300/W1/M200	46.9	-5.207	0.945	9.75	9.46	9.63	15.26	60.3	-6.698	0.956	9.70	9.33	9.53	15.26	38.3	-4.253	0.928	9.75	9.50	9.65	15.26	2.1	-0.233	0.138	9.90	9.85	9.87	15.26	15.25	20.00	0.10
2025-06-07/12:11:04 PM	82877	166	F300/W1/M200	39.9	-4.438	0.935	9.76	9.51	9.66	15.30	58.4	-6.487	0.962	9.70	9.34	9.54	15.30	29.4	-3.264	0.913	9.77	9.56	9.67	15.30	-5.3	0.585	0.452	9.92	9.85	9.89	15.30	15.29	20.00	0.10
2025-06-07/12:19:25 PM	83378	167	F300/W1/M200	47.1	-5.235	0.960	9.74	9.46	9.61	15.33	59.6	-6.624	0.975	9.69	9.34	9.52	15.33	31.7	-3.526	0.936	9.75	9.54	9.64	15.33	-10.1	1.120	0.715	9.97	9.86	9.92	15.33	15.32	20.00	0.10
2025-06-07/12:27:46 PM	83879	168	F300/W1/M200	36.8	-4.094	0.936	9.73	9.49	9.63	15.35	51.0	-5.661	0.961	9.68	9.36	9.53	15.35	31.5	-3.496	0.918	9.77	9.53	9.66	15.35	-2.1	0.233	0.073	9.93	9.85	9.91	15.35	15.35	20.00	0.10
2025-06-07/12:36:07 PM	84380	169	F300/W1/M200	49.2	-5.461	0.945	9.72	9.43	9.59	15.39	63.7	-7.074	0.970	9.66	9.28	9.49	15.39	32.1	-3.568	0.922	9.76	9.53	9.66	15.39	1.7	-0.187	0.051	9.88	9.81	9.84	15.39	15.38	20.00	0.10
2025-06-07/12:44:28 PM	84881	170	F300/W1/M200	46.4	-5.159	0.941	9.71	9.42	9.59	15.44	63.0	-7.001	0.970	9.66	9.28	9.49	15.44	35.4	-3.935	0.912	9.75	9.50	9.63	15.44	-3.3	0.369	0.132	9.95	9.85	9.92	15.44	15.42	20.00	0.10
2025-06-07/12:52:49 PM	85382	171	F300/W1/M200	64.2	-7.134	0.908	9.73	9.31	9.59	15.36	58.1	-6.456	0.963	9.67	9.32	9.52	15.36	28.8	-3.196	0.851	9.75	9.52	9.65	15.36	-1.8	0.198	0.023	9.99	9.85	9.94	15.36	15.40	20.00	0.10
2025-06-07/1:01:10 PM	85883	172	F300/W1/M200	56.6	-6.291	0.933	9.70	9.34	9.55	15.26	86.7	-9.631	0.942	9.68	9.15	9.48	15.26	27.9	-3.095	0.838	9.74	9.54	9.65	15.26	-3.2	0.351	0.134	9.89	9.82	9.86	15.26	15.29	20.00	0.10
2025-06-07/1:09:31 PM	86384	173	F300/W1/M200	49.4	-5.487	0.932	9.74	9.42	9.61	15.15	64.6	-7.183	0.956	9.64	9.27	9.48	15.15	30.4	-3.378	0.874	9.76	9.52	9.65	15.15	8.9	-0.990	0.207	10.02	9.85	9.95	15.15	15.18	20.00	0.10
2025-06-07/1:17:52 PM	86885	174	F300/W1/M200	49.7	-5.527	0.953	9.76	9.46	9.63	15.10	63.9	-7.104	0.964	9.70	9.31	9.52	15.10	36.6	-4.066	0.913	9.77	9.51	9.65	15.10	-2.1	0.228	0.052	9.91	9.82	9.87	15.10	15.10	20.00	0.10
2025-06-07/1:26:13 PM	87386	175	F300/W1/M200	52.6	-5.841	0.944	9.79	9.47	9.65	15.26	67.3	-7.478	0.960	9.68	9.26	9.50	15.26	36.8	-4.092	0.895	9.74	9.48	9.62	15.26	2.6	-0.286	0.079	9.89	9.81	9.85	15.26	15.20	20.00	0.10
2025-06-07/1:34:34 PM	87887	176	F300/W1/M200	50.5	-5.606	0.943	9.81	9.50	9.68	15.28	63.2	-7.018	0.965	9.67	9.28	9.51	15.28	32.5	-3.613	0.863	9.76	9.52	9.65	15.28	-5.2	0.580	0.108	9.96	9.81	9.90	15.28	15.28	20.00	0.10
2025-06-07/1:42:55 PM	88388	177	F300/W1/M200	49.6	-5.512	0.944	9.83	9.52	9.70	15.31	65.3	-7.257	0.964	9.67	9.28	9.50	15.31	36.6	-4.061	0.882	9.76	9.49	9.65	15.31	-3.2	0.356	0.023	10.00	9.82	9.90	15.31	15.30	20.00	0.10
2025-06-07/1:51:16 PM	88889	178	F300/W1/M200	52.9	-5.875	0.954	9.81	9.51	9.68	15.36	62.7	-6.968	0.965	9.67	9.29	9.51	15.36	36.2	-4.027	0.896	9.80	9.50	9.66	15.36	-4.1	0.453	0.083	9.96	9.83	9.91	15.36	15.35	20.00	0.10
2025-06-07/1:59:37 PM	89390	179	F300/W1/M200	55.3	-6.148	0.940	9.80	9.48	9.68	15.39	63.7	-7.082	0.967	9.70	9.32	9.54	15.39	34.6	-3.847	0.904	9.74	9.52	9.64	15.39	2.0	-0.219	0.120	9.86	9.81	9.84	15.39	15.38	20.00	0.10
2025-06-07/2:07:58 PM	89891	180	F300/W1/M200	62.4	-6.933	0.954	9.81	9.43	9.65	15.42	61.4	-6.826	0.957	9.68	9.28	9.51	15.42	35.2	-3.911	0.893	9.74	9.50	9.63	15.42	-2.2	0.247	0.053	9.87	9.78	9.83	15.42	15.41	20.00	0.10
2025-06-07/2:16:19 PM	90392	181	F300/W1/M200	54.4	-6.043	0.945	9.81	9.49	9.68	15.45	62.8	-6.975	0.959	9.67	9.28	9.51	15.45	34.5	-3.829	0.880	9.76	9.48	9.62	15.45	1.3	-0.141	0.023	9.87	9.79	9.84	15.45	15.45	20.00	0.10
2025-06-07/2:24:40 PM	90893	182	F300/W1/M200	51.1	-5.676	0.937	9.79	9.48	9.66	15.49	61.5	-6.837	0.964	9.66	9.28	9.50	15.49	34.3	-3.813	0.876	9.74	9.47	9.62	15.49	2.6	-0.284	0.030	9.95	9.81	9.89	15.49	15.48	20.00	0.10
2025-06-07/2:33:01 PM	91394	183	F300/W1/M200	47.6	-5.288	0.939	9.74	9.44	9.61	15.42	59.5	-6.610	0.954	9.68	9.31	9.51	15.42	34.3	-3.813	0.896	9.73	9.49	9.62	15.42	-13.2	1.469	0.628	9.96	9.80	9.89	15.42	15.45	20.00	0.10
