Date & time of file creation	2025-06-07 3:01 PM																																	
Data file path	C:\Users\ry1ho\OneDrive\Desktop\Kenauk Respirometry   2024 RH\15 C Respirometry Data 2025\Trial 2 June 6 2025\2025-06-07-PostBlank_Trial2.txt																																	
Raw data file path	C:\Users\ry1ho\OneDrive\Desktop\Kenauk Respirometry   2024 RH\15 C Respirometry Data 2025\Trial 2 June 6 2025\2025-06-07-PostBlank_Trial2_raw.txt																																	
																																		
																																		
Parameter/Chamber	Wet weight [g]	Resp. volume [mL]	Fish length [cm]	Fractional error [%]	Chamber notes																													
Chamber 1	100	900	10																															
Chamber 2	100	900																																
Chamber 3	100	900																																
Chamber 4	100	900																																
																																		
																																		
Date &Time [DD-MM-YYYY/HH:MM:SS]	Time [sec]	Loop	Phase time [s]	CH 1 MO2 [mgO2/kg/hr]	CH 1 slope [mgO2/L/hr]	CH 1 R^2	CH 1 max O2 [mgO2/L]	CH 1 min O2 [mgO2/L]	CH 1 avg O2 [mgO2/L]	CH 1 avg temp [°C]	CH 2 MO2 [mgO2/kg/hr]	CH 2 slope [mgO2/L/hr]	CH 2 R^2	CH 2 max O2 [mgO2/L]	CH 2 min O2 [mgO2/L]	CH 2 avg O2 [mgO2/L]	CH 2 avg temp [°C]	CH 3 MO2 [mgO2/kg/hr]	CH 3 slope [mgO2/L/hr]	CH 3 R^2	CH 3 max O2 [mgO2/L]	CH 3 min O2 [mgO2/L]	CH 3 avg O2 [mgO2/L]	CH 3 avg temp [°C]	CH 4 MO2 [mgO2/kg/hr]	CH 4 slope [mgO2/L/hr]	CH 4 R^2	CH 4 max O2 [mgO2/L]	CH 4 min O2 [mgO2/L]	CH 4 avg O2 [mgO2/L]	CH 4 avg temp [°C]	AMB temp N°1 avg temp [°C]	AMB temp N°1 setpoint [°C]	AMB temp N°1 hysteresis [°C]
2025-06-07/3:11:58 PM	618	1	M200	-2.1	0.233	0.090	9.86	9.79	9.83	15.30	-3.2	0.355	0.136	9.84	9.75	9.79	15.30	-2.2	0.246	0.031	9.87	9.74	9.79	15.30	0.1	-0.010	0.000	9.86	9.78	9.83	15.30	15.33	20.00	0.10
2025-06-07/3:15:18 PM	818	2	M200	-0.4	0.049	0.007	9.86	9.82	9.84	15.31	-1.2	0.137	0.044	9.84	9.77	9.81	15.31	-0.5	0.056	0.003	9.84	9.75	9.80	15.31	1.6	-0.183	0.071	9.85	9.79	9.82	15.31	15.31	20.00	0.10
2025-06-07/3:18:38 PM	1018	3	M200	-3.2	0.351	0.230	9.87	9.81	9.84	15.31	-2.7	0.302	0.167	9.85	9.78	9.81	15.31	-2.6	0.284	0.062	9.85	9.76	9.80	15.31	0.5	-0.061	0.008	9.84	9.77	9.81	15.31	15.31	20.00	0.10
2025-06-07/3:21:58 PM	1218	4	M200	-0.2	0.022	0.001	9.88	9.82	9.85	15.31	0.7	-0.079	0.012	9.85	9.78	9.82	15.31	-1.4	0.151	0.020	9.86	9.75	9.81	15.31	1.6	-0.177	0.055	9.84	9.76	9.80	15.31	15.31	20.00	0.10
2025-06-07/3:25:18 PM	1418	5	M200	-0.2	0.027	0.001	9.88	9.83	9.85	15.33	0.1	-0.014	0.000	9.85	9.78	9.82	15.33	2.4	-0.263	0.041	9.86	9.75	9.81	15.33	2.0	-0.225	0.051	9.84	9.75	9.79	15.33	15.33	20.00	0.10
2025-06-07/3:28:38 PM	1618	6	M200	-0.0	0.000	0.000	9.87	9.82	9.85	15.35	-1.0	0.113	0.018	9.85	9.78	9.82	15.35	1.5	-0.162	0.017	9.85	9.76	9.81	15.35	0.8	-0.090	0.010	9.83	9.76	9.79	15.35	15.35	20.00	0.10
2025-06-07/3:31:58 PM	1818	7	M200	-1.7	0.189	0.082	9.88	9.81	9.85	15.36	-2.3	0.259	0.113	9.85	9.79	9.82	15.36	-1.6	0.179	0.025	9.87	9.75	9.81	15.36	-0.7	0.083	0.012	9.82	9.76	9.79	15.36	15.36	20.00	0.10
2025-06-07/3:35:18 PM	2018	8	M200	-0.7	0.082	0.018	9.87	9.83	9.85	15.37	0.1	-0.007	0.000	9.85	9.78	9.82	15.37	-1.0	0.115	0.012	9.86	9.77	9.81	15.37	0.1	-0.011	0.000	9.82	9.75	9.79	15.37	15.37	20.00	0.10
2025-06-07/3:38:38 PM	2218	9	M200	-0.1	0.014	0.000	9.88	9.82	9.85	15.39	-0.3	0.028	0.001	9.86	9.78	9.82	15.39	-1.0	0.108	0.008	9.87	9.76	9.81	15.39	-1.0	0.116	0.016	9.83	9.74	9.79	15.39	15.39	20.00	0.10
2025-06-07/3:41:58 PM	2418	10	M200	-0.1	0.011	0.000	9.88	9.82	9.85	15.41	-0.7	0.075	0.008	9.85	9.79	9.82	15.41	0.6	-0.062	0.003	9.85	9.76	9.81	15.41	0.1	-0.012	0.000	9.82	9.76	9.78	15.41	15.41	20.00	0.10
2025-06-07/3:45:18 PM	2618	11	M200	0.4	-0.041	0.005	9.88	9.82	9.85	15.41	0.4	-0.042	0.003	9.85	9.80	9.82	15.41	-0.2	0.017	0.000	9.86	9.77	9.81	15.41	1.4	-0.152	0.042	9.81	9.75	9.78	15.41	15.41	20.00	0.10
2025-06-07/3:48:38 PM	2818	12	M200	-1.1	0.118	0.036	9.88	9.82	9.85	15.42	-0.6	0.062	0.007	9.85	9.79	9.82	15.42	-1.3	0.142	0.018	9.86	9.77	9.82	15.42	0.1	-0.013	0.000	9.82	9.75	9.78	15.42	15.42	20.00	0.10
2025-06-07/3:51:58 PM	3018	13	M200	0.6	-0.063	0.010	9.88	9.82	9.85	15.44	1.0	-0.109	0.021	9.85	9.79	9.82	15.44	1.7	-0.184	0.025	9.85	9.76	9.81	15.44	0.1	-0.006	0.000	9.81	9.74	9.78	15.44	15.44	20.00	0.10
2025-06-07/3:55:18 PM	3218	14	M200	1.5	-0.172	0.070	9.87	9.81	9.84	15.45	1.2	-0.131	0.025	9.85	9.78	9.82	15.45	0.5	-0.053	0.002	9.85	9.77	9.81	15.45	0.0	-0.004	0.000	9.83	9.75	9.78	15.45	15.45	20.00	0.10
2025-06-07/3:58:38 PM	3418	15	M200	-0.7	0.074	0.013	9.87	9.81	9.84	15.46	-0.6	0.066	0.007	9.86	9.78	9.82	15.46	-2.2	0.244	0.046	9.86	9.77	9.81	15.46	-1.9	0.206	0.064	9.82	9.74	9.79	15.46	15.46	20.00	0.10
2025-06-07/4:01:58 PM	3618	16	M200	1.8	-0.201	0.076	9.88	9.81	9.84	15.48	1.0	-0.107	0.018	9.84	9.77	9.82	15.48	1.2	-0.130	0.012	9.87	9.77	9.81	15.48	0.1	-0.011	0.000	9.82	9.75	9.78	15.48	15.48	20.00	0.10
