Date & time of file creation	2025-06-10 3:59 PM																																	
Data file path	C:\Users\ry1ho\OneDrive\Desktop\Kenauk Respirometry   2024 RH\15 C Respirometry Data 2025\Trial 5 June 10 2025\2025-06-10_BrookTrout_EPOC_15C_Trial5.txt																																	
Raw data file path	C:\Users\ry1ho\OneDrive\Desktop\Kenauk Respirometry   2024 RH\15 C Respirometry Data 2025\Trial 5 June 10 2025\2025-06-10_BrookTrout_EPOC_15C_Trial5_raw.txt																																	
																																		
																																		
Parameter/Chamber	Wet weight [g]	Resp. volume [mL]	Fish length [cm]	Fractional error [%]	Chamber notes																													
Chamber 1	100	900	10																															
Chamber 2	100	900																																
Chamber 3	100	900																																
Chamber 4	100	900																																
																																		
																																		
Date &Time [DD-MM-YYYY/HH:MM:SS]	Time [sec]	Loop	Phase time [s]	CH 1 MO2 [mgO2/kg/hr]	CH 1 slope [mgO2/L/hr]	CH 1 R^2	CH 1 max O2 [mgO2/L]	CH 1 min O2 [mgO2/L]	CH 1 avg O2 [mgO2/L]	CH 1 avg temp [°C]	CH 2 MO2 [mgO2/kg/hr]	CH 2 slope [mgO2/L/hr]	CH 2 R^2	CH 2 max O2 [mgO2/L]	CH 2 min O2 [mgO2/L]	CH 2 avg O2 [mgO2/L]	CH 2 avg temp [°C]	CH 3 MO2 [mgO2/kg/hr]	CH 3 slope [mgO2/L/hr]	CH 3 R^2	CH 3 max O2 [mgO2/L]	CH 3 min O2 [mgO2/L]	CH 3 avg O2 [mgO2/L]	CH 3 avg temp [°C]	CH 4 MO2 [mgO2/kg/hr]	CH 4 slope [mgO2/L/hr]	CH 4 R^2	CH 4 max O2 [mgO2/L]	CH 4 min O2 [mgO2/L]	CH 4 avg O2 [mgO2/L]	CH 4 avg temp [°C]	AMB temp N°1 avg temp [°C]	AMB temp N°1 setpoint [°C]	AMB temp N°1 hysteresis [°C]
2025-06-10/4:12:30 PM	715	1	F300/W1/M200	219.0	-24.337	0.994	9.86	8.54	9.25	15.13	-2.9	0.324	0.177	10.07	10.01	10.04	15.13	-3.9	0.438	0.099	10.11	10.00	10.06	15.13	3.9	-0.435	0.138	9.79	9.67	9.73	15.13	15.21	20.00	0.10
2025-06-10/4:20:51 PM	1216	2	F300/W1/M200	250.2	-27.806	0.993	9.42	8.04	8.80	15.32	103.8	-11.537	0.984	9.86	9.27	9.59	15.32	21.1	-2.339	0.812	10.00	9.82	9.91	15.32	30.4	-3.382	0.918	9.70	9.51	9.60	15.32	15.21	20.00	0.10
2025-06-10/4:29:12 PM	1717	3	F300/W1/M200	223.9	-24.872	0.991	9.34	8.08	8.78	15.20	89.6	-9.951	0.979	9.74	9.21	9.51	15.20	182.4	-20.269	0.993	9.89	8.81	9.39	15.20	5.6	-0.624	0.266	9.67	9.55	9.62	15.20	15.20	20.00	0.10
2025-06-10/4:37:33 PM	2218	4	F300/W1/M200	174.3	-19.366	0.992	9.26	8.27	8.79	15.24	90.8	-10.085	0.975	9.66	9.14	9.44	15.24	189.0	-20.996	0.988	9.46	8.39	8.99	15.24	10.1	-1.119	0.592	9.57	9.47	9.52	15.24	15.27	20.00	0.10
2025-06-10/4:45:54 PM	2719	5	F300/W1/M200	252.2	-28.020	0.993	9.27	7.86	8.63	15.25	72.0	-8.005	0.976	9.59	9.16	9.39	15.25	182.8	-20.308	0.987	9.38	8.31	8.90	15.25	8.6	-0.954	0.570	9.47	9.38	9.43	15.25	15.29	20.00	0.10
2025-06-10/4:54:15 PM	3220	6	F300/W1/M200	226.2	-25.137	0.992	9.06	7.77	8.49	15.08	68.3	-7.594	0.984	9.51	9.10	9.33	15.08	179.9	-19.987	0.987	9.31	8.27	8.84	15.08	9.7	-1.075	0.652	9.41	9.32	9.37	15.08	15.15	20.00	0.10
2025-06-10/5:02:36 PM	3721	7	F300/W1/M200	223.4	-24.818	0.978	8.98	7.73	8.44	15.12	90.5	-10.050	0.947	9.44	8.91	9.22	15.12	198.0	-22.005	0.975	9.19	8.06	8.71	15.12	13.5	-1.502	0.707	9.32	9.20	9.26	15.12	15.14	20.00	0.10
2025-06-10/5:10:57 PM	4222	8	F300/W1/M200	199.0	-22.116	0.983	8.96	7.82	8.46	15.25	67.9	-7.541	0.947	9.32	8.91	9.15	15.25	193.7	-21.524	0.975	9.16	8.06	8.69	15.25	7.5	-0.830	0.420	9.22	9.12	9.17	15.25	15.28	20.00	0.10
2025-06-10/5:19:18 PM	4723	9	F300/W1/M200	194.3	-21.585	0.964	8.93	7.79	8.49	15.38	58.5	-6.497	0.931	9.26	8.90	9.11	15.38	196.8	-21.871	0.986	9.04	7.93	8.56	15.38	9.8	-1.092	0.543	9.15	9.05	9.10	15.38	15.40	20.00	0.10
2025-06-10/5:27:39 PM	5224	10	F300/W1/M200	208.4	-23.156	0.974	8.73	7.55	8.26	15.49	62.6	-6.961	0.934	9.23	8.85	9.08	15.49	191.5	-21.277	0.985	8.97	7.90	8.50	15.49	11.4	-1.264	0.645	9.08	8.98	9.03	15.49	15.52	20.00	0.10
2025-06-10/5:36:00 PM	5725	11	F300/W1/M200	209.6	-23.294	0.988	8.71	7.54	8.20	15.43	74.0	-8.219	0.939	9.23	8.77	9.06	15.43	185.9	-20.656	0.991	8.94	7.89	8.48	15.43	9.2	-1.023	0.652	9.07	8.98	9.02	15.43	15.46	20.00	0.10
2025-06-10/5:44:21 PM	6226	12	F300/W1/M200	161.0	-17.891	0.965	8.81	7.80	8.43	15.38	40.9	-4.541	0.958	9.23	8.98	9.12	15.38	171.7	-19.079	0.987	8.98	8.05	8.54	15.38	1.9	-0.213	0.097	9.05	8.99	9.02	15.38	15.42	20.00	0.10
2025-06-10/5:52:42 PM	6727	13	F300/W1/M200	238.3	-26.481	0.993	8.74	7.40	8.14	15.34	79.9	-8.874	0.982	9.22	8.78	9.01	15.34	190.5	-21.171	0.988	8.98	7.91	8.51	15.34	-1.3	0.141	0.050	9.09	9.03	9.07	15.34	15.38	20.00	0.10
2025-06-10/6:01:03 PM	7228	14	F300/W1/M200	169.8	-18.870	0.984	8.82	7.84	8.41	15.30	35.8	-3.979	0.892	9.26	9.01	9.17	15.30	193.2	-21.469	0.987	9.00	7.94	8.52	15.30	-2.9	0.321	0.204	9.12	9.06	9.10	15.30	15.34	20.00	0.10
2025-06-10/6:09:24 PM	7729	15	F300/W1/M200	226.4	-25.159	0.978	8.80	7.54	8.27	15.26	62.4	-6.928	0.944	9.24	8.87	9.09	15.26	173.6	-19.284	0.987	9.04	8.07	8.60	15.26	-2.3	0.258	0.164	9.13	9.08	9.11	15.26	15.30	20.00	0.10
2025-06-10/6:17:45 PM	8230	16	F300/W1/M200	236.9	-26.323	0.995	8.93	7.63	8.30	15.22	30.2	-3.355	0.940	9.32	9.13	9.24	15.22	202.5	-22.503	0.990	9.10	7.96	8.59	15.22	0.0	-0.003	0.000	9.13	9.08	9.11	15.22	15.25	20.00	0.10
2025-06-10/6:26:06 PM	8731	17	F300/W1/M200	234.8	-26.094	0.989	8.85	7.52	8.28	15.17	64.2	-7.132	0.950	9.31	8.91	9.16	15.17	192.8	-21.422	0.987	9.03	7.96	8.57	15.17	-1.2	0.137	0.068	9.13	9.08	9.10	15.17	15.21	20.00	0.10
2025-06-10/6:34:27 PM	9232	18	F300/W1/M200	242.8	-26.978	0.995	9.03	7.64	8.40	15.15	82.0	-9.109	0.951	9.25	8.78	9.06	15.15	193.5	-21.501	0.985	9.11	8.03	8.65	15.15	3.0	-0.328	0.208	9.13	9.07	9.10	15.15	15.18	20.00	0.10
2025-06-10/6:42:48 PM	9733	19	F300/W1/M200	193.1	-21.456	0.979	8.93	7.81	8.48	15.27	82.8	-9.197	0.976	9.21	8.72	9.00	15.27	192.6	-21.400	0.976	9.05	7.96	8.60	15.27	-5.6	0.627	0.335	9.11	9.02	9.07	15.27	15.32	20.00	0.10
2025-06-10/6:51:09 PM	10234	20	F300/W1/M200	211.1	-23.454	0.993	9.00	7.75	8.44	15.20	84.2	-9.360	0.972	9.23	8.74	9.03	15.20	192.2	-21.352	0.987	9.11	8.05	8.65	15.20	-0.5	0.051	0.009	9.15	9.10	9.13	15.20	15.24	20.00	0.10
2025-06-10/6:59:30 PM	10735	21	F300/W1/M200	217.7	-24.184	0.994	8.98	7.81	8.41	15.15	86.4	-9.594	0.980	9.28	8.78	9.06	15.15	192.8	-21.427	0.988	9.03	7.95	8.56	15.15	-0.9	0.096	0.023	9.14	9.08	9.11	15.15	15.20	20.00	0.10
2025-06-10/7:07:51 PM	11236	22	F300/W1/M200	238.6	-26.516	0.995	8.96	7.62	8.35	15.11	54.2	-6.017	0.966	9.28	8.93	9.14	15.11	189.7	-21.082	0.988	9.15	8.09	8.69	15.11	-3.4	0.383	0.343	9.14	9.08	9.11	15.11	15.15	20.00	0.10
2025-06-10/7:16:12 PM	11737	23	F300/W1/M200	232.7	-25.855	0.991	8.92	7.64	8.35	15.06	33.3	-3.703	0.947	9.37	9.17	9.29	15.06	178.6	-19.845	0.985	9.17	8.17	8.75	15.06	-0.6	0.062	0.013	9.15	9.10	9.12	15.06	15.10	20.00	0.10
2025-06-10/7:24:33 PM	12238	24	F300/W1/M200	191.4	-21.268	0.983	8.98	7.88	8.52	15.01	26.9	-2.992	0.957	9.40	9.23	9.33	15.01	138.0	-15.335	0.975	9.10	8.26	8.77	15.01	-3.2	0.357	0.262	9.15	9.09	9.12	15.01	15.05	20.00	0.10
2025-06-10/7:32:54 PM	12739	25	F300/W1/M200	252.7	-28.077	0.990	9.08	7.67	8.47	14.98	30.5	-3.385	0.853	9.41	9.20	9.34	14.98	143.8	-15.983	0.959	9.19	8.35	8.87	14.98	5.1	-0.562	0.359	9.15	9.08	9.13	14.98	15.01	20.00	0.10
2025-06-10/7:41:15 PM	13240	26	F300/W1/M200	171.7	-19.083	0.989	9.01	8.09	8.58	15.36	28.0	-3.116	0.930	9.40	9.23	9.32	15.36	173.5	-19.274	0.973	9.08	8.11	8.68	15.36	-4.8	0.535	0.366	9.13	9.06	9.10	15.36	15.31	20.00	0.10
2025-06-10/7:49:36 PM	13741	27	F300/W1/M200	176.5	-19.609	0.962	9.07	8.06	8.67	15.41	21.6	-2.403	0.773	9.44	9.27	9.36	15.41	160.4	-17.822	0.986	9.12	8.21	8.72	15.41	-5.9	0.653	0.321	9.14	9.04	9.11	15.41	15.47	20.00	0.10
2025-06-10/7:57:57 PM	14242	28	F300/W1/M200	222.4	-24.706	0.967	8.99	7.73	8.47	15.44	51.7	-5.741	0.878	9.40	9.08	9.26	15.44	110.2	-12.240	0.975	9.18	8.56	8.90	15.44	-6.7	0.749	0.415	9.17	9.08	9.14	15.44	15.52	20.00	0.10
2025-06-10/8:06:18 PM	14743	29	F300/W1/M200	103.9	-11.541	0.970	9.15	8.56	8.90	15.36	29.3	-3.253	0.921	9.41	9.21	9.32	15.36	120.3	-13.366	0.993	9.30	8.60	8.98	15.36	1.1	-0.124	0.057	9.16	9.12	9.14	15.36	15.40	20.00	0.10
2025-06-10/8:14:39 PM	15244	30	F300/W1/M200	82.4	-9.161	0.972	9.31	8.84	9.12	15.29	49.6	-5.509	0.987	9.36	9.07	9.23	15.29	71.2	-7.912	0.963	9.40	8.95	9.23	15.29	-2.0	0.220	0.142	9.20	9.15	9.18	15.29	15.34	20.00	0.10
2025-06-10/8:23:00 PM	15745	31	F300/W1/M200	74.2	-8.244	0.967	9.40	8.97	9.22	15.23	64.0	-7.116	0.941	9.45	9.09	9.31	15.23	72.0	-8.001	0.972	9.49	9.08	9.31	15.23	-2.5	0.283	0.248	9.25	9.20	9.23	15.23	15.28	20.00	0.10
2025-06-10/8:31:21 PM	16246	32	F300/W1/M200	78.8	-8.758	0.941	9.44	8.92	9.27	15.17	69.9	-7.769	0.974	9.51	9.13	9.35	15.17	53.9	-5.991	0.960	9.49	9.18	9.36	15.17	-2.1	0.235	0.166	9.27	9.22	9.25	15.17	15.21	20.00	0.10
2025-06-10/8:39:42 PM	16747	33	F300/W1/M200	111.0	-12.337	0.932	9.47	8.81	9.24	15.10	27.6	-3.068	0.929	9.61	9.44	9.53	15.10	67.8	-7.537	0.959	9.56	9.18	9.40	15.10	-4.7	0.517	0.474	9.33	9.27	9.31	15.10	15.15	20.00	0.10
2025-06-10/8:48:03 PM	17248	34	F300/W1/M200	211.2	-23.463	0.977	9.20	7.93	8.70	15.05	49.8	-5.528	0.958	9.63	9.32	9.52	15.05	102.4	-11.375	0.972	9.51	8.87	9.25	15.05	0.5	-0.056	0.007	9.36	9.31	9.34	15.05	15.09	20.00	0.10
2025-06-10/8:56:24 PM	17749	35	F300/W1/M200	222.7	-24.741	0.989	9.13	7.86	8.57	15.26	85.6	-9.506	0.981	9.52	9.03	9.32	15.26	66.9	-7.438	0.979	9.53	9.15	9.36	15.26	2.0	-0.224	0.200	9.31	9.27	9.29	15.26	15.21	20.00	0.10
2025-06-10/9:04:45 PM	18250	36	F300/W1/M200	229.9	-25.542	0.992	9.15	7.85	8.57	15.17	93.6	-10.395	0.965	9.52	8.97	9.30	15.17	45.9	-5.101	0.944	9.59	9.31	9.48	15.17	-1.5	0.163	0.079	9.33	9.28	9.31	15.17	15.22	20.00	0.10
2025-06-10/9:13:06 PM	18751	37	F300/W1/M200	185.6	-20.618	0.991	9.16	8.11	8.69	15.09	40.3	-4.483	0.957	9.52	9.28	9.40	15.09	46.0	-5.113	0.949	9.59	9.32	9.48	15.09	-6.2	0.694	0.664	9.36	9.28	9.32	15.09	15.14	20.00	0.10
2025-06-10/9:21:27 PM	19252	38	F300/W1/M200	226.3	-25.140	0.993	9.18	7.87	8.61	15.16	75.2	-8.353	0.973	9.48	9.01	9.29	15.16	54.3	-6.037	0.986	9.58	9.25	9.44	15.16	1.9	-0.211	0.149	9.31	9.27	9.29	15.16	15.13	20.00	0.10
2025-06-10/9:29:48 PM	19753	39	F300/W1/M200	236.9	-26.325	0.993	9.17	7.80	8.55	15.32	94.6	-10.508	0.979	9.49	8.97	9.23	15.32	54.3	-6.032	0.970	9.57	9.28	9.44	15.32	1.8	-0.204	0.066	9.32	9.22	9.29	15.32	15.27	20.00	0.10
2025-06-10/9:38:09 PM	20254	40	F300/W1/M200	146.5	-16.281	0.974	9.31	8.46	8.98	15.19	71.2	-7.907	0.961	9.48	9.10	9.31	15.19	46.3	-5.141	0.945	9.60	9.32	9.48	15.19	0.5	-0.061	0.010	9.35	9.29	9.32	15.19	15.25	20.00	0.10
2025-06-10/9:46:30 PM	20755	41	F300/W1/M200	197.3	-21.922	0.982	9.24	8.06	8.76	15.12	69.2	-7.684	0.994	9.56	9.16	9.37	15.12	43.7	-4.853	0.943	9.62	9.35	9.51	15.12	0.9	-0.103	0.040	9.33	9.29	9.31	15.12	15.17	20.00	0.10
2025-06-10/9:54:51 PM	21256	42	F300/W1/M200	221.7	-24.635	0.991	9.06	7.82	8.49	15.21	43.9	-4.874	0.935	9.63	9.37	9.51	15.21	57.5	-6.390	0.940	9.60	9.26	9.46	15.21	6.5	-0.719	0.439	9.33	9.26	9.29	15.21	15.17	20.00	0.10
2025-06-10/10:03:12 PM	21757	43	F300/W1/M200	109.7	-12.185	0.971	9.29	8.69	9.03	15.47	33.2	-3.689	0.898	9.58	9.36	9.49	15.47	48.6	-5.402	0.929	9.58	9.29	9.46	15.47	-10.6	1.172	0.589	9.32	9.22	9.29	15.47	15.47	20.00	0.10
2025-06-10/10:11:33 PM	22258	44	F300/W1/M200	202.6	-22.509	0.960	9.25	8.15	8.82	15.36	77.6	-8.619	0.967	9.59	9.16	9.41	15.36	44.3	-4.926	0.949	9.64	9.37	9.53	15.36	-4.8	0.537	0.539	9.38	9.33	9.36	15.36	15.42	20.00	0.10
2025-06-10/10:19:54 PM	22759	45	F300/W1/M200	229.4	-25.492	0.996	9.26	7.90	8.65	15.28	52.1	-5.787	0.990	9.60	9.30	9.45	15.28	60.7	-6.750	0.961	9.62	9.25	9.48	15.28	-3.7	0.415	0.463	9.39	9.33	9.36	15.28	15.33	20.00	0.10
2025-06-10/10:28:15 PM	23260	46	F300/W1/M200	228.0	-25.335	0.977	9.14	7.88	8.61	15.20	26.2	-2.906	0.936	9.62	9.46	9.55	15.20	127.2	-14.136	0.954	9.55	8.84	9.27	15.20	-1.5	0.172	0.145	9.37	9.33	9.35	15.20	15.25	20.00	0.10
2025-06-10/10:36:36 PM	23761	47	F300/W1/M200	220.9	-24.546	0.992	9.13	7.90	8.58	15.14	28.1	-3.126	0.894	9.65	9.46	9.58	15.14	118.0	-13.107	0.983	9.42	8.77	9.12	15.14	1.0	-0.111	0.034	9.37	9.33	9.35	15.14	15.18	20.00	0.10
2025-06-10/10:44:57 PM	24262	48	F300/W1/M200	196.7	-21.852	0.978	9.21	8.10	8.76	15.23	23.1	-2.572	0.799	9.63	9.46	9.55	15.23	134.8	-14.978	0.983	9.48	8.73	9.14	15.23	-3.1	0.350	0.104	9.36	9.28	9.33	15.23	15.29	20.00	0.10
2025-06-10/10:53:18 PM	24763	49	F300/W1/M200	92.9	-10.320	0.969	9.41	8.86	9.18	15.15	25.0	-2.775	0.900	9.65	9.48	9.59	15.15	130.7	-14.518	0.960	9.58	8.80	9.28	15.15	1.5	-0.170	0.080	9.40	9.34	9.37	15.15	15.22	20.00	0.10
2025-06-10/11:01:39 PM	25264	50	F300/W1/M200	206.9	-22.994	0.990	9.32	8.18	8.81	15.24	25.2	-2.800	0.792	9.65	9.46	9.58	15.24	198.1	-22.007	0.981	9.41	8.30	8.91	15.24	-3.6	0.395	0.120	9.39	9.30	9.35	15.24	15.29	20.00	0.10
2025-06-10/11:10:00 PM	25765	51	F300/W1/M200	236.1	-26.235	0.982	9.14	7.85	8.57	15.30	31.8	-3.533	0.885	9.60	9.40	9.51	15.30	172.8	-19.205	0.982	9.27	8.30	8.84	15.30	1.0	-0.114	0.014	9.34	9.26	9.31	15.30	15.36	20.00	0.10
2025-06-10/11:18:21 PM	26266	52	F300/W1/M200	213.3	-23.699	0.981	9.21	7.95	8.70	15.22	35.1	-3.902	0.948	9.61	9.40	9.52	15.22	120.5	-13.394	0.988	9.39	8.73	9.09	15.22	-1.3	0.149	0.092	9.35	9.30	9.33	15.22	15.29	20.00	0.10
2025-06-10/11:26:42 PM	26767	53	F300/W1/M200	220.3	-24.477	0.989	9.15	7.94	8.62	15.14	54.6	-6.069	0.968	9.58	9.28	9.45	15.14	193.2	-21.472	0.989	9.26	8.18	8.79	15.14	0.5	-0.060	0.017	9.35	9.31	9.33	15.14	15.19	20.00	0.10
2025-06-10/11:35:03 PM	27268	54	F300/W1/M200	189.3	-21.031	0.982	9.08	8.00	8.62	15.17	75.3	-8.370	0.987	9.51	9.08	9.32	15.17	208.0	-23.106	0.988	9.36	8.19	8.84	15.17	5.5	-0.613	0.496	9.33	9.26	9.29	15.17	15.15	20.00	0.10
2025-06-10/11:43:24 PM	27769	55	F300/W1/M200	187.8	-20.871	0.992	9.03	8.02	8.55	15.33	50.2	-5.573	0.990	9.47	9.16	9.32	15.33	133.1	-14.792	0.983	9.37	8.64	9.05	15.33	0.2	-0.019	0.002	9.29	9.25	9.27	15.33	15.28	20.00	0.10
2025-06-10/11:51:45 PM	28270	56	F300/W1/M200	187.4	-20.817	0.987	9.08	7.98	8.61	15.21	28.6	-3.180	0.933	9.58	9.38	9.50	15.21	160.1	-17.785	0.983	9.29	8.38	8.91	15.21	-2.7	0.297	0.204	9.33	9.27	9.30	15.21	15.27	20.00	0.10
2025-06-11/12:00:06 AM	28771	57	F300/W1/M200	177.6	-19.736	0.989	9.02	8.02	8.58	15.15	36.3	-4.035	0.932	9.58	9.34	9.49	15.15	134.7	-14.968	0.974	9.26	8.45	8.91	15.15	1.9	-0.216	0.042	9.35	9.26	9.31	15.15	15.19	20.00	0.10
2025-06-11/12:08:27 AM	29272	58	F300/W1/M200	82.9	-9.212	0.982	9.35	8.87	9.14	15.34	40.9	-4.550	0.973	9.56	9.31	9.45	15.34	177.5	-19.720	0.990	9.35	8.35	8.90	15.34	1.8	-0.199	0.141	9.30	9.26	9.28	15.34	15.30	20.00	0.10
2025-06-11/12:16:48 AM	29773	59	F300/W1/M200	77.3	-8.585	0.937	9.47	8.99	9.30	15.22	62.7	-6.967	0.988	9.57	9.20	9.39	15.22	152.2	-16.915	0.988	9.31	8.38	8.92	15.22	-1.1	0.122	0.048	9.34	9.28	9.31	15.22	15.28	20.00	0.10
2025-06-11/12:25:09 AM	30274	60	F300/W1/M200	220.4	-24.488	0.992	9.12	7.86	8.58	15.16	58.2	-6.464	0.976	9.52	9.20	9.38	15.16	198.7	-22.076	0.986	9.25	8.14	8.77	15.16	2.4	-0.263	0.066	9.35	9.27	9.31	15.16	15.20	20.00	0.10
2025-06-11/12:33:30 AM	30775	61	F300/W1/M200	102.2	-11.360	0.979	9.22	8.65	8.97	15.35	40.5	-4.503	0.981	9.57	9.32	9.45	15.35	218.9	-24.322	0.994	9.28	8.05	8.71	15.35	0.6	-0.070	0.018	9.29	9.25	9.27	15.35	15.30	20.00	0.10
2025-06-11/12:41:51 AM	31276	62	F300/W1/M200	102.0	-11.334	0.970	9.26	8.67	9.00	15.22	26.1	-2.899	0.908	9.62	9.43	9.54	15.22	162.4	-18.045	0.974	9.31	8.42	8.92	15.22	-0.4	0.040	0.003	9.33	9.28	9.31	15.22	15.29	20.00	0.10
2025-06-11/12:50:12 AM	31777	63	F300/W1/M200	198.6	-22.072	0.987	9.19	8.01	8.69	15.15	31.6	-3.511	0.935	9.63	9.42	9.55	15.15	195.5	-21.718	0.994	9.33	8.22	8.82	15.15	0.0	-0.005	0.000	9.35	9.28	9.32	15.15	15.20	20.00	0.10
2025-06-11/12:58:33 AM	32278	64	F300/W1/M200	185.3	-20.588	0.978	9.08	8.07	8.66	15.34	41.5	-4.614	0.965	9.58	9.33	9.47	15.34	207.0	-23.003	0.988	9.37	8.22	8.85	15.34	4.2	-0.463	0.452	9.31	9.25	9.28	15.34	15.30	20.00	0.10
2025-06-11/1:06:54 AM	32779	65	F300/W1/M200	224.6	-24.954	0.977	9.16	7.89	8.64	15.23	59.1	-6.562	0.978	9.51	9.18	9.36	15.23	194.0	-21.560	0.990	9.29	8.22	8.81	15.23	-2.4	0.264	0.181	9.33	9.27	9.30	15.23	15.29	20.00	0.10
2025-06-11/1:15:15 AM	33280	66	F300/W1/M200	126.6	-14.061	0.972	9.12	8.41	8.82	15.16	36.5	-4.054	0.894	9.55	9.31	9.46	15.16	208.9	-23.210	0.987	9.37	8.16	8.87	15.16	2.1	-0.233	0.078	9.33	9.26	9.30	15.16	15.21	20.00	0.10
2025-06-11/1:23:36 AM	33781	67	F300/W1/M200	211.7	-23.524	0.988	9.05	7.87	8.49	15.51	34.5	-3.839	0.932	9.52	9.31	9.42	15.51	144.0	-16.001	0.971	9.35	8.51	9.01	15.51	-5.3	0.592	0.336	9.27	9.18	9.23	15.51	15.48	20.00	0.10
2025-06-11/1:31:57 AM	34282	68	F300/W1/M200	229.1	-25.451	0.983	9.06	7.81	8.51	15.34	27.9	-3.096	0.924	9.58	9.40	9.51	15.34	189.7	-21.073	0.988	9.31	8.27	8.84	15.34	-2.2	0.242	0.100	9.35	9.28	9.32	15.34	15.40	20.00	0.10
2025-06-11/1:40:18 AM	34783	69	F300/W1/M200	233.1	-25.896	0.991	9.09	7.76	8.48	15.25	34.2	-3.796	0.934	9.54	9.31	9.45	15.25	136.7	-15.184	0.959	9.32	8.51	9.00	15.25	-1.3	0.150	0.061	9.31	9.26	9.29	15.25	15.31	20.00	0.10
2025-06-11/1:48:39 AM	35284	70	F300/W1/M200	196.9	-21.883	0.953	9.05	7.85	8.62	15.17	38.2	-4.241	0.926	9.57	9.31	9.47	15.17	165.8	-18.422	0.967	9.33	8.36	8.94	15.17	7.7	-0.852	0.456	9.31	9.22	9.28	15.17	15.22	20.00	0.10
2025-06-11/1:57:00 AM	35785	71	F300/W1/M200	216.6	-24.063	0.974	8.96	7.78	8.47	15.45	35.8	-3.979	0.955	9.50	9.29	9.41	15.45	129.7	-14.408	0.932	9.42	8.63	9.12	15.45	-5.5	0.607	0.463	9.28	9.20	9.24	15.45	15.46	20.00	0.10
2025-06-11/2:05:21 AM	36286	72	F300/W1/M200	220.2	-24.468	0.993	9.14	7.90	8.57	15.29	28.8	-3.200	0.928	9.57	9.38	9.49	15.29	170.8	-18.979	0.993	9.28	8.34	8.82	15.29	-0.8	0.084	0.016	9.30	9.25	9.28	15.29	15.36	20.00	0.10
2025-06-11/2:13:42 AM	36787	73	F300/W1/M200	216.4	-24.046	0.982	9.14	7.96	8.63	15.20	24.8	-2.752	0.933	9.55	9.38	9.48	15.20	176.2	-19.576	0.982	9.41	8.41	8.97	15.20	-2.7	0.301	0.192	9.31	9.25	9.29	15.20	15.26	20.00	0.10
2025-06-11/2:22:03 AM	37288	74	F300/W1/M200	228.1	-25.345	0.980	9.09	7.77	8.55	15.20	40.4	-4.490	0.958	9.56	9.31	9.44	15.20	115.7	-12.856	0.960	9.44	8.73	9.14	15.20	5.2	-0.574	0.374	9.30	9.22	9.25	15.20	15.20	20.00	0.10
2025-06-11/2:30:24 AM	37789	75	F300/W1/M200	221.7	-24.632	0.983	9.15	7.90	8.63	15.36	35.8	-3.977	0.975	9.54	9.32	9.43	15.36	186.9	-20.769	0.986	9.24	8.20	8.78	15.36	1.2	-0.137	0.065	9.27	9.23	9.25	15.36	15.32	20.00	0.10
2025-06-11/2:38:45 AM	38290	76	F300/W1/M200	238.6	-26.514	0.981	9.09	7.76	8.52	15.23	44.0	-4.887	0.960	9.56	9.29	9.45	15.23	202.5	-22.502	0.987	9.31	8.19	8.80	15.23	3.5	-0.383	0.214	9.33	9.26	9.29	15.23	15.29	20.00	0.10
2025-06-11/2:47:06 AM	38791	77	F300/W1/M200	204.0	-22.662	0.981	9.18	7.98	8.70	15.19	28.9	-3.215	0.906	9.57	9.36	9.48	15.19	171.3	-19.035	0.992	9.36	8.38	8.90	15.19	-0.5	0.053	0.005	9.33	9.26	9.29	15.19	15.28	20.00	0.10
2025-06-11/2:55:27 AM	39292	78	F300/W1/M200	230.7	-25.634	0.992	9.09	7.74	8.50	15.37	41.3	-4.594	0.977	9.52	9.27	9.41	15.37	132.5	-14.721	0.973	9.28	8.54	8.97	15.37	1.8	-0.205	0.151	9.27	9.22	9.24	15.37	15.33	20.00	0.10
2025-06-11/3:03:48 AM	39793	79	F300/W1/M200	249.9	-27.764	0.982	9.14	7.74	8.55	15.23	34.6	-3.845	0.928	9.55	9.34	9.47	15.23	160.2	-17.800	0.992	9.33	8.44	8.90	15.23	-1.9	0.207	0.091	9.31	9.25	9.29	15.23	15.30	20.00	0.10
2025-06-11/3:12:09 AM	40294	80	F300/W1/M200	262.1	-29.126	0.977	9.14	7.68	8.52	15.17	67.9	-7.546	0.969	9.53	9.11	9.37	15.17	116.5	-12.947	0.923	9.49	8.74	9.23	15.17	2.6	-0.288	0.132	9.31	9.25	9.29	15.17	15.21	20.00	0.10
2025-06-11/3:20:30 AM	40795	81	F300/W1/M200	241.9	-26.876	0.991	9.15	7.81	8.55	15.42	74.3	-8.257	0.968	9.43	8.98	9.24	15.42	129.8	-14.423	0.962	9.27	8.54	8.98	15.42	1.5	-0.163	0.018	9.27	9.13	9.25	15.42	15.41	20.00	0.10
2025-06-11/3:28:51 AM	41296	82	F300/W1/M200	241.4	-26.824	0.987	9.07	7.71	8.46	15.27	38.0	-4.218	0.928	9.49	9.25	9.38	15.27	95.8	-10.644	0.955	9.36	8.79	9.12	15.27	-2.1	0.233	0.145	9.31	9.25	9.28	15.27	15.33	20.00	0.10
2025-06-11/3:37:12 AM	41797	83	F300/W1/M200	226.6	-25.179	0.983	9.07	7.82	8.54	15.20	33.9	-3.770	0.852	9.55	9.33	9.47	15.20	77.3	-8.585	0.935	9.48	9.02	9.30	15.20	4.1	-0.452	0.154	9.31	9.22	9.28	15.20	15.24	20.00	0.10
2025-06-11/3:45:33 AM	42298	84	F300/W1/M200	219.4	-24.376	0.990	9.04	7.80	8.49	15.38	37.1	-4.120	0.966	9.54	9.29	9.44	15.38	123.8	-13.756	0.952	9.46	8.73	9.19	15.38	1.9	-0.216	0.157	9.27	9.21	9.25	15.38	15.34	20.00	0.10
2025-06-11/3:53:54 AM	42799	85	F300/W1/M200	220.0	-24.442	0.993	9.22	7.94	8.65	15.24	33.8	-3.759	0.907	9.59	9.39	9.50	15.24	115.3	-12.808	0.961	9.50	8.85	9.22	15.24	-3.5	0.387	0.345	9.31	9.26	9.29	15.24	15.31	20.00	0.10
2025-06-11/4:02:15 AM	43300	86	F300/W1/M200	241.5	-26.831	0.993	9.12	7.71	8.50	15.16	28.0	-3.111	0.879	9.59	9.39	9.53	15.16	134.0	-14.892	0.983	9.39	8.62	9.05	15.16	-0.8	0.086	0.013	9.32	9.25	9.29	15.16	15.21	20.00	0.10
2025-06-11/4:10:36 AM	43801	87	F300/W1/M200	257.9	-28.655	0.990	9.14	7.65	8.49	15.41	42.0	-4.669	0.927	9.54	9.24	9.44	15.41	121.9	-13.548	0.980	9.49	8.79	9.19	15.41	2.6	-0.288	0.067	9.29	9.16	9.27	15.41	15.39	20.00	0.10
2025-06-11/4:18:57 AM	44302	88	F300/W1/M200	233.5	-25.947	0.976	9.16	7.88	8.62	15.26	32.1	-3.565	0.963	9.52	9.33	9.43	15.26	88.4	-9.822	0.957	9.49	8.96	9.28	15.26	-2.7	0.298	0.212	9.33	9.28	9.32	15.26	15.32	20.00	0.10
2025-06-11/4:27:18 AM	44803	89	F300/W1/M200	242.3	-26.917	0.980	9.18	7.85	8.61	15.18	36.7	-4.076	0.890	9.58	9.34	9.49	15.18	130.9	-14.550	0.949	9.43	8.64	9.14	15.18	6.1	-0.674	0.350	9.34	9.27	9.31	15.18	15.23	20.00	0.10
2025-06-11/4:35:39 AM	45304	90	F300/W1/M200	246.8	-27.425	0.991	9.12	7.72	8.50	15.37	29.8	-3.308	0.959	9.57	9.39	9.50	15.37	84.2	-9.352	0.974	9.50	8.97	9.29	15.37	1.4	-0.157	0.122	9.31	9.27	9.29	15.37	15.32	20.00	0.10
2025-06-11/4:44:00 AM	45805	91	F300/W1/M200	231.3	-25.705	0.979	9.20	7.93	8.64	15.23	26.0	-2.893	0.912	9.60	9.44	9.54	15.23	94.2	-10.469	0.945	9.50	8.93	9.27	15.23	-2.1	0.238	0.213	9.33	9.28	9.31	15.23	15.30	20.00	0.10
2025-06-11/4:52:21 AM	46306	92	F300/W1/M200	206.2	-22.911	0.987	9.08	7.94	8.58	15.18	36.7	-4.073	0.876	9.59	9.37	9.51	15.18	79.0	-8.782	0.951	9.53	9.08	9.35	15.18	7.5	-0.838	0.568	9.35	9.28	9.32	15.18	15.21	20.00	0.10
2025-06-11/5:00:42 AM	46807	93	F300/W1/M200	234.4	-26.048	0.991	9.12	7.79	8.54	15.39	36.9	-4.097	0.944	9.53	9.28	9.44	15.39	69.3	-7.702	0.973	9.55	9.15	9.38	15.39	0.9	-0.103	0.031	9.34	9.27	9.32	15.39	15.37	20.00	0.10
2025-06-11/5:09:03 AM	47308	94	F300/W1/M200	221.9	-24.659	0.992	9.16	7.85	8.58	15.25	53.8	-5.981	0.978	9.58	9.26	9.44	15.25	52.2	-5.797	0.966	9.58	9.27	9.44	15.25	-2.7	0.297	0.279	9.37	9.32	9.35	15.25	15.32	20.00	0.10
2025-06-11/5:17:24 AM	47809	95	F300/W1/M200	235.3	-26.144	0.985	9.13	7.77	8.56	15.20	82.2	-9.135	0.935	9.51	9.07	9.34	15.20	60.1	-6.681	0.950	9.57	9.23	9.43	15.20	7.9	-0.874	0.557	9.37	9.30	9.34	15.20	15.23	20.00	0.10
2025-06-11/5:25:45 AM	48310	96	F300/W1/M200	241.3	-26.814	0.993	9.17	7.79	8.55	15.38	98.0	-10.892	0.970	9.52	8.99	9.30	15.38	54.0	-6.004	0.955	9.55	9.20	9.41	15.38	2.9	-0.318	0.097	9.34	9.22	9.32	15.38	15.33	20.00	0.10
2025-06-11/5:34:06 AM	48811	97	F300/W1/M200	214.9	-23.882	0.984	9.18	7.97	8.66	15.23	67.9	-7.544	0.942	9.52	9.11	9.37	15.23	65.6	-7.285	0.978	9.56	9.18	9.39	15.23	-1.9	0.216	0.126	9.37	9.32	9.36	15.23	15.29	20.00	0.10
2025-06-11/5:42:27 AM	49312	98	F300/W1/M200	253.9	-28.211	0.982	9.14	7.73	8.53	15.28	68.9	-7.660	0.992	9.56	9.16	9.38	15.28	64.8	-7.205	0.949	9.54	9.14	9.39	15.28	1.2	-0.128	0.076	9.35	9.31	9.33	15.28	15.25	20.00	0.10
2025-06-11/5:50:48 AM	49813	99	F300/W1/M200	250.3	-27.816	0.990	9.12	7.79	8.50	15.42	57.4	-6.381	0.972	9.56	9.24	9.42	15.42	120.3	-13.366	0.978	9.44	8.76	9.15	15.42	-0.2	0.026	0.001	9.36	9.25	9.34	15.42	15.38	20.00	0.10
2025-06-11/5:59:09 AM	50314	100	F300/W1/M200	257.4	-28.596	0.976	9.16	7.72	8.57	15.27	68.6	-7.627	0.973	9.56	9.17	9.40	15.27	68.8	-7.648	0.955	9.50	9.10	9.34	15.27	-4.2	0.468	0.457	9.36	9.30	9.34	15.27	15.33	20.00	0.10
2025-06-11/6:07:30 AM	50815	101	F300/W1/M200	264.2	-29.352	0.984	9.12	7.66	8.48	15.21	77.1	-8.571	0.974	9.49	9.07	9.31	15.21	74.1	-8.232	0.941	9.56	9.14	9.40	15.21	8.9	-0.985	0.584	9.36	9.29	9.33	15.21	15.25	20.00	0.10
2025-06-11/6:15:51 AM	51316	102	F300/W1/M200	260.0	-28.887	0.994	9.10	7.61	8.42	15.39	41.1	-4.569	0.973	9.58	9.33	9.47	15.39	98.3	-10.926	0.963	9.55	8.95	9.32	15.39	1.3	-0.140	0.104	9.33	9.29	9.31	15.39	15.35	20.00	0.10
2025-06-11/6:24:12 AM	51817	103	F300/W1/M200	208.2	-23.132	0.975	9.35	8.10	8.84	15.28	74.5	-8.280	0.977	9.58	9.12	9.40	15.28	146.3	-16.258	0.982	9.38	8.45	9.01	15.28	2.9	-0.324	0.171	9.35	9.28	9.33	15.28	15.33	20.00	0.10
2025-06-11/6:32:33 AM	52318	104	F300/W1/M200	244.6	-27.181	0.986	9.13	7.78	8.54	15.38	63.7	-7.074	0.970	9.50	9.12	9.35	15.38	124.0	-13.774	0.960	9.52	8.79	9.25	15.38	3.0	-0.330	0.345	9.33	9.29	9.31	15.38	15.38	20.00	0.10
2025-06-11/6:40:54 AM	52819	105	F300/W1/M200	278.5	-30.944	0.992	9.11	7.55	8.43	15.38	31.2	-3.472	0.946	9.53	9.34	9.46	15.38	168.0	-18.672	0.994	9.39	8.43	8.92	15.38	-0.4	0.046	0.012	9.33	9.29	9.31	15.38	15.39	20.00	0.10
2025-06-11/6:49:15 AM	53320	106	F300/W1/M200	170.4	-18.935	0.990	9.07	8.13	8.64	15.35	54.8	-6.091	0.981	9.49	9.16	9.34	15.35	87.8	-9.760	0.963	9.49	8.96	9.29	15.35	-6.5	0.720	0.608	9.35	9.29	9.32	15.35	15.37	20.00	0.10
2025-06-11/6:57:36 AM	53821	107	F300/W1/M200	249.9	-27.769	0.987	9.13	7.71	8.52	15.14	79.4	-8.826	0.920	9.51	9.07	9.34	15.14	163.9	-18.216	0.976	9.41	8.42	9.00	15.14	5.4	-0.604	0.146	9.37	9.21	9.33	15.14	15.22	20.00	0.10
2025-06-11/7:05:57 AM	54322	108	F300/W1/M200	218.3	-24.260	0.971	9.05	7.85	8.53	15.36	51.1	-5.682	0.929	9.42	9.11	9.28	15.36	93.7	-10.414	0.956	9.45	8.85	9.21	15.36	-4.9	0.549	0.392	9.29	9.21	9.26	15.36	15.37	20.00	0.10
2025-06-11/7:14:18 AM	54823	109	F300/W1/M200	253.6	-28.174	0.993	9.08	7.65	8.43	15.34	64.8	-7.205	0.977	9.50	9.10	9.33	15.34	106.0	-11.781	0.974	9.50	8.86	9.25	15.34	0.4	-0.046	0.010	9.31	9.27	9.28	15.34	15.34	20.00	0.10
2025-06-11/7:22:39 AM	55324	110	F300/W1/M200	229.0	-25.450	0.988	9.00	7.72	8.45	15.35	53.0	-5.886	0.984	9.46	9.16	9.33	15.35	128.5	-14.277	0.982	9.34	8.62	9.03	15.35	-1.2	0.130	0.078	9.30	9.26	9.28	15.35	15.35	20.00	0.10
2025-06-11/7:31:00 AM	55825	111	F300/W1/M200	235.9	-26.211	0.988	9.06	7.69	8.46	15.35	49.4	-5.493	0.959	9.46	9.16	9.32	15.35	81.6	-9.065	0.976	9.46	8.99	9.25	15.35	-5.6	0.619	0.254	9.32	9.19	9.29	15.35	15.36	20.00	0.10
2025-06-11/7:39:21 AM	56326	112	F300/W1/M200	210.2	-23.357	0.968	9.19	8.01	8.73	15.11	44.7	-4.970	0.933	9.52	9.27	9.41	15.11	67.8	-7.536	0.954	9.53	9.14	9.37	15.11	1.1	-0.128	0.033	9.36	9.30	9.34	15.11	15.21	20.00	0.10
2025-06-11/7:47:42 AM	56827	113	F300/W1/M200	230.8	-25.647	0.972	8.99	7.73	8.47	15.11	21.1	-2.345	0.805	9.60	9.46	9.53	15.11	60.8	-6.754	0.928	9.55	9.17	9.40	15.11	-5.3	0.589	0.288	9.32	9.23	9.30	15.11	15.19	20.00	0.10
2025-06-11/7:56:03 AM	57328	114	F300/W1/M200	262.0	-29.115	0.992	9.00	7.53	8.33	15.33	36.9	-4.104	0.884	9.55	9.33	9.46	15.33	64.9	-7.214	0.952	9.52	9.14	9.36	15.33	-2.0	0.225	0.060	9.33	9.25	9.30	15.33	15.32	20.00	0.10
2025-06-11/8:04:24 AM	57829	115	F300/W1/M200	137.3	-15.255	0.962	9.23	8.40	8.91	15.34	19.2	-2.137	0.676	9.62	9.46	9.56	15.34	62.2	-6.907	0.917	9.57	9.18	9.42	15.34	-4.2	0.465	0.234	9.34	9.26	9.31	15.34	15.43	20.00	0.10
2025-06-11/8:12:45 AM	58330	116	F300/W1/M200	159.7	-17.747	0.936	9.29	8.36	8.95	15.31	43.5	-4.839	0.918	9.60	9.31	9.47	15.31	149.3	-16.584	0.962	9.55	8.69	9.21	15.31	-8.7	0.965	0.500	9.37	9.25	9.33	15.31	15.40	20.00	0.10
2025-06-11/8:21:06 AM	58831	117	F300/W1/M200	227.6	-25.286	0.974	9.10	7.79	8.58	15.28	39.7	-4.408	0.852	9.57	9.31	9.46	15.28	166.8	-18.531	0.976	9.48	8.52	9.09	15.28	-2.5	0.276	0.074	9.37	9.28	9.34	15.28	15.37	20.00	0.10
2025-06-11/8:29:27 AM	59332	118	F300/W1/M200	176.4	-19.602	0.984	9.04	8.08	8.61	15.25	29.7	-3.300	0.893	9.57	9.37	9.48	15.25	112.1	-12.458	0.954	9.46	8.83	9.19	15.25	-6.3	0.696	0.314	9.33	9.24	9.30	15.25	15.34	20.00	0.10
2025-06-11/8:37:48 AM	59833	119	F300/W1/M200	247.2	-27.463	0.981	9.13	7.82	8.56	15.22	47.4	-5.265	0.926	9.58	9.29	9.46	15.22	157.9	-17.549	0.991	9.30	8.41	8.88	15.22	-3.3	0.370	0.138	9.33	9.24	9.30	15.22	15.30	20.00	0.10
2025-06-11/8:46:09 AM	60334	120	F300/W1/M200	115.9	-12.882	0.958	9.18	8.53	8.90	15.20	48.8	-5.428	0.897	9.54	9.22	9.42	15.20	187.1	-20.792	0.982	9.39	8.36	8.94	15.20	-0.5	0.058	0.002	9.35	9.25	9.31	15.20	15.29	20.00	0.10
2025-06-11/8:54:30 AM	60835	121	F300/W1/M200	244.9	-27.216	0.977	9.25	7.90	8.67	15.17	79.6	-8.841	0.943	9.45	8.99	9.24	15.17	180.6	-20.067	0.969	9.34	8.34	8.90	15.17	-0.9	0.102	0.007	9.36	9.25	9.33	15.17	15.27	20.00	0.10
2025-06-11/9:02:51 AM	61336	122	F300/W1/M200	86.2	-9.576	0.949	9.30	8.80	9.09	15.16	47.1	-5.234	0.911	9.50	9.21	9.38	15.16	179.2	-19.906	0.985	9.42	8.36	8.97	15.16	-3.0	0.333	0.072	9.35	9.25	9.31	15.16	15.25	20.00	0.10
2025-06-11/9:11:12 AM	61837	123	F300/W1/M200	78.3	-8.695	0.929	9.45	8.97	9.25	15.14	20.3	-2.253	0.737	9.62	9.45	9.54	15.14	80.8	-8.976	0.955	9.45	8.95	9.24	15.14	-3.9	0.430	0.117	9.37	9.27	9.34	15.14	15.23	20.00	0.10
2025-06-11/9:19:33 AM	62338	124	F300/W1/M200	111.3	-12.370	0.975	9.35	8.72	9.07	15.13	15.4	-1.706	0.594	9.67	9.53	9.60	15.13	56.8	-6.306	0.931	9.64	9.28	9.47	15.13	-6.5	0.717	0.207	9.46	9.32	9.41	15.13	15.21	20.00	0.10
2025-06-11/9:27:54 AM	62839	125	F300/W1/M200	76.5	-8.500	0.943	9.53	9.06	9.34	15.13	16.5	-1.828	0.669	9.71	9.58	9.65	15.13	47.6	-5.285	0.900	9.67	9.35	9.53	15.13	-1.9	0.211	0.028	9.50	9.39	9.45	15.13	15.20	20.00	0.10
2025-06-11/9:36:15 AM	63340	126	F300/W1/M200	72.2	-8.017	0.954	9.62	9.19	9.44	15.10	19.1	-2.119	0.819	9.76	9.62	9.70	15.10	52.0	-5.781	0.945	9.73	9.41	9.59	15.10	-2.4	0.262	0.074	9.51	9.43	9.48	15.10	15.15	20.00	0.10
2025-06-11/9:44:36 AM	63841	127	F300/W1/M200	69.2	-7.687	0.928	9.65	9.24	9.48	15.11	21.7	-2.415	0.767	9.81	9.64	9.73	15.11	158.9	-17.659	0.986	9.74	8.81	9.32	15.11	-5.0	0.556	0.178	9.55	9.44	9.52	15.11	15.19	20.00	0.10
2025-06-11/9:52:57 AM	64342	128	F300/W1/M200	76.4	-8.491	0.919	9.66	9.17	9.48	15.10	24.8	-2.754	0.736	9.78	9.59	9.71	15.10	123.8	-13.759	0.953	9.57	8.87	9.27	15.10	-4.6	0.510	0.134	9.54	9.42	9.50	15.10	15.19	20.00	0.10
2025-06-11/10:01:18 AM	64843	129	F300/W1/M200	83.0	-9.221	0.953	9.63	9.13	9.42	15.09	49.5	-5.503	0.903	9.76	9.46	9.64	15.09	82.0	-9.106	0.924	9.67	9.18	9.45	15.09	-5.0	0.553	0.162	9.52	9.41	9.49	15.09	15.18	20.00	0.10
2025-06-11/10:09:39 AM	65344	130	F300/W1/M200	77.3	-8.584	0.961	9.67	9.22	9.48	15.08	52.2	-5.805	0.929	9.78	9.44	9.64	15.08	65.8	-7.309	0.940	9.79	9.39	9.60	15.08	-3.5	0.390	0.172	9.50	9.43	9.47	15.08	15.12	20.00	0.10
2025-06-11/10:18:00 AM	65845	131	F300/W1/M200	69.2	-7.685	0.929	9.68	9.25	9.50	15.08	23.4	-2.595	0.733	9.81	9.64	9.73	15.08	61.1	-6.785	0.933	9.75	9.38	9.58	15.08	-3.8	0.425	0.103	9.55	9.43	9.50	15.08	15.17	20.00	0.10
2025-06-11/10:26:21 AM	66346	132	F300/W1/M200	71.4	-7.933	0.957	9.69	9.28	9.52	15.06	31.6	-3.512	0.893	9.85	9.64	9.75	15.06	63.9	-7.104	0.957	9.80	9.41	9.64	15.06	-2.6	0.291	0.091	9.57	9.48	9.52	15.06	15.11	20.00	0.10
2025-06-11/10:34:42 AM	66847	133	F300/W1/M200	69.2	-7.688	0.930	9.72	9.28	9.54	15.06	23.7	-2.635	0.763	9.86	9.68	9.78	15.06	51.9	-5.769	0.874	9.83	9.50	9.69	15.06	-3.4	0.375	0.097	9.56	9.46	9.53	15.06	15.14	20.00	0.10
2025-06-11/10:43:03 AM	67348	134	F300/W1/M200	72.7	-8.077	0.928	9.71	9.26	9.52	15.04	22.4	-2.486	0.732	9.88	9.70	9.80	15.04	61.2	-6.798	0.888	9.84	9.46	9.67	15.04	-4.6	0.508	0.122	9.61	9.48	9.56	15.04	15.13	20.00	0.10
2025-06-11/10:51:24 AM	67849	135	F300/W1/M200	66.7	-7.410	0.940	9.75	9.35	9.58	15.03	30.4	-3.380	0.843	9.85	9.63	9.76	15.03	110.3	-12.253	0.926	9.83	9.14	9.58	15.03	-5.9	0.651	0.219	9.59	9.47	9.55	15.03	15.12	20.00	0.10
2025-06-11/10:59:45 AM	68350	136	F300/W1/M200	63.6	-7.063	0.940	9.77	9.38	9.61	15.01	28.9	-3.213	0.852	9.86	9.66	9.78	15.01	89.3	-9.923	0.948	9.70	9.17	9.48	15.01	-4.1	0.452	0.218	9.57	9.50	9.54	15.01	15.06	20.00	0.10
2025-06-11/11:08:06 AM	68851	137	F300/W1/M200	63.3	-7.033	0.913	9.75	9.37	9.58	15.03	20.7	-2.301	0.693	9.89	9.72	9.81	15.03	90.2	-10.020	0.904	9.78	9.20	9.56	15.03	-5.5	0.615	0.160	9.58	9.46	9.54	15.03	15.11	20.00	0.10
2025-06-11/11:16:27 AM	69352	138	F300/W1/M200	63.8	-7.089	0.918	9.74	9.35	9.58	15.15	21.9	-2.435	0.679	9.88	9.69	9.80	15.15	148.4	-16.487	0.960	9.73	8.84	9.36	15.15	-7.6	0.846	0.294	9.60	9.48	9.56	15.15	15.19	20.00	0.10
2025-06-11/11:24:48 AM	69853	139	F300/W1/M200	103.1	-11.455	0.884	9.73	9.08	9.51	15.24	31.8	-3.536	0.773	9.86	9.62	9.78	15.24	195.5	-21.720	0.973	9.70	8.55	9.22	15.24	-9.8	1.086	0.311	9.63	9.46	9.58	15.24	15.30	20.00	0.10
2025-06-11/11:33:09 AM	70354	140	F300/W1/M200	177.9	-19.762	0.976	9.58	8.57	9.15	15.39	82.9	-9.211	0.931	9.75	9.25	9.56	15.39	200.6	-22.289	0.987	9.53	8.42	9.02	15.39	-5.2	0.581	0.131	9.60	9.47	9.55	15.39	15.42	20.00	0.10
2025-06-11/11:41:30 AM	70855	141	F300/W1/M200	148.5	-16.501	0.974	9.29	8.44	8.92	15.52	54.9	-6.095	0.958	9.73	9.38	9.59	15.52	204.0	-22.664	0.989	9.45	8.31	8.93	15.52	3.6	-0.398	0.197	9.52	9.43	9.48	15.52	15.51	20.00	0.10
2025-06-11/11:49:51 AM	71356	142	F300/W1/M200	74.9	-8.320	0.965	9.55	9.11	9.36	15.42	64.8	-7.202	0.970	9.71	9.33	9.55	15.42	94.1	-10.451	0.959	9.62	9.08	9.38	15.42	-1.5	0.169	0.040	9.51	9.43	9.48	15.42	15.49	20.00	0.10
2025-06-11/11:58:12 AM	71857	143	F300/W1/M200	65.9	-7.323	0.957	9.63	9.22	9.47	15.29	44.0	-4.883	0.959	9.69	9.39	9.56	15.29	61.7	-6.853	0.948	9.69	9.31	9.52	15.29	-3.0	0.333	0.097	9.52	9.42	9.47	15.29	15.35	20.00	0.10
2025-06-11/12:06:33 PM	72358	144	F300/W1/M200	64.6	-7.176	0.958	9.65	9.28	9.50	15.15	26.4	-2.931	0.897	9.78	9.60	9.70	15.15	67.9	-7.539	0.950	9.75	9.33	9.56	15.15	-1.9	0.213	0.046	9.54	9.45	9.49	15.15	15.22	20.00	0.10
2025-06-11/12:14:54 PM	72859	145	F300/W1/M200	60.9	-6.763	0.953	9.71	9.33	9.55	15.02	21.8	-2.426	0.826	9.83	9.66	9.75	15.02	78.4	-8.709	0.955	9.77	9.29	9.56	15.02	-7.7	0.854	0.381	9.58	9.45	9.52	15.02	15.09	20.00	0.10
2025-06-11/12:23:15 PM	73360	146	F300/W1/M200	62.2	-6.907	0.944	9.70	9.33	9.55	15.00	26.5	-2.949	0.829	9.84	9.64	9.74	15.00	198.5	-22.051	0.985	9.69	8.59	9.19	15.00	-5.1	0.565	0.227	9.55	9.45	9.51	15.00	15.01	20.00	0.10
2025-06-11/12:31:36 PM	73861	147	F300/W1/M200	58.0	-6.445	0.911	9.68	9.33	9.54	15.03	19.7	-2.194	0.649	9.83	9.66	9.75	15.03	109.3	-12.145	0.963	9.50	8.88	9.24	15.03	-7.2	0.795	0.332	9.54	9.43	9.51	15.03	15.11	20.00	0.10
2025-06-11/12:39:57 PM	74362	148	F300/W1/M200	58.4	-6.487	0.914	9.70	9.34	9.55	15.06	21.0	-2.328	0.685	9.84	9.67	9.77	15.06	68.5	-7.614	0.917	9.76	9.35	9.58	15.06	-6.6	0.731	0.240	9.55	9.43	9.51	15.06	15.13	20.00	0.10
2025-06-11/12:48:18 PM	74863	149	F300/W1/M200	61.0	-6.775	0.954	9.73	9.35	9.58	15.08	22.5	-2.502	0.817	9.86	9.69	9.78	15.08	80.8	-8.982	0.969	9.77	9.29	9.57	15.08	-3.1	0.349	0.106	9.58	9.47	9.53	15.08	15.11	20.00	0.10
2025-06-11/12:56:39 PM	75364	150	F300/W1/M200	56.8	-6.306	0.885	9.75	9.37	9.60	15.12	21.7	-2.415	0.620	9.87	9.70	9.79	15.12	59.3	-6.589	0.868	9.85	9.46	9.67	15.12	-3.4	0.376	0.060	9.60	9.48	9.56	15.12	15.19	20.00	0.10
2025-06-11/1:05:00 PM	75865	151	F300/W1/M200	57.3	-6.371	0.912	9.76	9.39	9.61	15.15	42.6	-4.732	0.864	9.90	9.60	9.77	15.15	69.9	-7.769	0.905	9.81	9.37	9.61	15.15	-6.6	0.729	0.260	9.61	9.49	9.57	15.15	15.22	20.00	0.10
2025-06-11/1:13:21 PM	76366	152	F300/W1/M200	62.4	-6.934	0.922	9.76	9.38	9.61	15.17	25.3	-2.816	0.773	9.89	9.69	9.80	15.17	211.4	-23.493	0.983	9.69	8.50	9.16	15.17	-4.7	0.522	0.134	9.61	9.49	9.57	15.17	15.25	20.00	0.10
2025-06-11/1:21:42 PM	76867	153	F300/W1/M200	57.3	-6.372	0.901	9.75	9.38	9.60	15.20	16.4	-1.817	0.531	9.87	9.71	9.79	15.20	85.6	-9.514	0.922	9.72	9.20	9.50	15.20	-10.8	1.197	0.425	9.61	9.45	9.56	15.20	15.28	20.00	0.10
2025-06-11/1:30:03 PM	77368	154	F300/W1/M200	60.8	-6.761	0.926	9.74	9.37	9.59	15.22	24.8	-2.753	0.781	9.86	9.68	9.78	15.22	61.4	-6.817	0.929	9.80	9.42	9.63	15.22	-7.9	0.874	0.359	9.59	9.46	9.55	15.22	15.30	20.00	0.10
2025-06-11/1:38:24 PM	77869	155	F300/W1/M200	58.5	-6.495	0.895	9.75	9.40	9.60	15.24	24.7	-2.747	0.746	9.87	9.68	9.79	15.24	66.9	-7.439	0.895	9.86	9.45	9.67	15.24	-4.0	0.440	0.074	9.59	9.47	9.55	15.24	15.32	20.00	0.10
2025-06-11/1:46:45 PM	78370	156	F300/W1/M200	60.3	-6.698	0.920	9.75	9.38	9.60	15.27	20.4	-2.264	0.663	9.89	9.73	9.82	15.27	54.4	-6.042	0.898	9.84	9.49	9.70	15.27	-8.6	0.951	0.410	9.60	9.48	9.57	15.27	15.34	20.00	0.10
2025-06-11/1:55:06 PM	78871	157	F300/W1/M200	59.6	-6.619	0.940	9.77	9.42	9.63	15.29	30.2	-3.352	0.912	9.87	9.66	9.78	15.29	61.5	-6.835	0.925	9.86	9.51	9.71	15.29	-5.9	0.661	0.288	9.62	9.53	9.58	15.29	15.32	20.00	0.10
2025-06-11/2:03:27 PM	79372	158	F300/W1/M200	58.7	-6.527	0.918	9.76	9.39	9.61	15.32	31.0	-3.450	0.832	9.87	9.66	9.77	15.32	61.7	-6.850	0.908	9.85	9.45	9.68	15.32	-7.7	0.851	0.304	9.62	9.48	9.57	15.32	15.39	20.00	0.10
2025-06-11/2:11:48 PM	79873	159	F300/W1/M200	58.8	-6.535	0.885	9.78	9.39	9.62	15.38	31.4	-3.485	0.783	9.89	9.64	9.78	15.38	49.8	-5.538	0.923	9.91	9.58	9.77	15.38	-7.7	0.859	0.286	9.64	9.50	9.59	15.38	15.45	20.00	0.10
2025-06-11/2:20:09 PM	80374	160	F300/W1/M200	59.6	-6.622	0.906	9.74	9.37	9.58	15.41	29.7	-3.297	0.826	9.88	9.69	9.80	15.41	48.2	-5.355	0.934	9.92	9.63	9.80	15.41	-5.8	0.643	0.272	9.59	9.48	9.56	15.41	15.49	20.00	0.10
2025-06-11/2:28:30 PM	80875	161	F300/W1/M200	57.6	-6.395	0.912	9.75	9.40	9.61	15.42	21.7	-2.410	0.706	9.89	9.72	9.82	15.42	44.8	-4.975	0.879	9.92	9.65	9.80	15.42	-5.9	0.654	0.286	9.59	9.49	9.56	15.42	15.50	20.00	0.10
2025-06-11/2:36:51 PM	81376	162	F300/W1/M200	58.7	-6.519	0.955	9.82	9.48	9.67	15.25	33.1	-3.673	0.901	9.89	9.64	9.81	15.25	46.3	-5.139	0.939	9.92	9.62	9.80	15.25	-4.4	0.484	0.192	9.66	9.56	9.61	15.25	15.32	20.00	0.10
2025-06-11/2:45:12 PM	81877	163	F300/W1/M200	57.2	-6.352	0.950	9.83	9.49	9.69	15.14	28.2	-3.137	0.926	9.94	9.75	9.86	15.14	50.8	-5.647	0.949	9.94	9.62	9.80	15.14	-2.0	0.222	0.059	9.67	9.60	9.64	15.14	15.20	20.00	0.10
2025-06-11/2:53:33 PM	82378	164	F300/W1/M200	57.8	-6.419	0.953	9.84	9.50	9.70	15.03	22.9	-2.541	0.902	9.96	9.81	9.89	15.03	48.3	-5.363	0.938	9.91	9.61	9.78	15.03	0.6	-0.065	0.008	9.68	9.60	9.66	15.03	15.08	20.00	0.10
2025-06-11/3:01:54 PM	82879	165	F300/W1/M200	61.2	-6.797	0.954	9.84	9.49	9.70	14.98	32.5	-3.606	0.920	9.96	9.75	9.87	14.98	66.8	-7.420	0.951	9.87	9.47	9.70	14.98	-2.1	0.237	0.071	9.68	9.59	9.64	14.98	15.00	20.00	0.10
2025-06-11/3:10:15 PM	83380	166	F300/W1/M200	58.7	-6.524	0.963	9.86	9.50	9.72	15.03	28.1	-3.121	0.897	9.97	9.78	9.89	15.03	63.4	-7.046	0.929	9.93	9.54	9.76	15.03	-0.2	0.017	0.000	9.71	9.62	9.67	15.03	15.04	20.00	0.10
2025-06-11/3:18:36 PM	83881	167	F300/W1/M200	95.0	-10.555	0.950	9.86	9.31	9.66	15.06	28.2	-3.134	0.880	9.98	9.78	9.90	15.06	56.1	-6.238	0.928	9.93	9.58	9.78	15.06	-0.8	0.091	0.010	9.72	9.63	9.67	15.06	15.08	20.00	0.10
2025-06-11/3:26:57 PM	84382	168	F300/W1/M200	57.7	-6.416	0.955	9.87	9.52	9.73	14.99	30.7	-3.411	0.932	9.98	9.77	9.89	14.99	59.4	-6.603	0.928	9.93	9.57	9.78	14.99	-3.7	0.413	0.201	9.70	9.61	9.65	14.99	15.03	20.00	0.10
2025-06-11/3:35:18 PM	84883	169	F300/W1/M200	55.6	-6.181	0.892	9.85	9.49	9.70	15.07	31.0	-3.443	0.852	9.96	9.73	9.86	15.07	60.6	-6.728	0.920	9.94	9.55	9.77	15.07	-3.4	0.378	0.096	9.66	9.56	9.62	15.07	15.11	20.00	0.10
2025-06-11/3:43:39 PM	85384	170	F300/W1/M200	54.3	-6.036	0.889	9.85	9.50	9.70	15.14	23.3	-2.586	0.717	9.95	9.76	9.87	15.14	64.8	-7.202	0.870	9.91	9.49	9.75	15.14	-6.7	0.742	0.280	9.63	9.52	9.60	15.14	15.21	20.00	0.10
2025-06-11/3:52:00 PM	85885	171	F300/W1/M200	56.2	-6.248	0.900	9.85	9.49	9.70	15.21	29.1	-3.233	0.820	9.95	9.75	9.87	15.21	67.1	-7.458	0.894	9.87	9.48	9.71	15.21	-2.2	0.247	0.041	9.64	9.53	9.61	15.21	15.27	20.00	0.10
2025-06-11/4:00:21 PM	86386	172	F300/W1/M200	57.4	-6.373	0.910	9.84	9.48	9.68	15.26	21.1	-2.340	0.722	9.95	9.79	9.88	15.26	62.0	-6.886	0.856	9.91	9.52	9.74	15.26	-3.5	0.390	0.113	9.61	9.49	9.56	15.26	15.32	20.00	0.10
2025-06-11/4:08:42 PM	86887	173	F300/W1/M200	53.7	-5.962	0.886	9.81	9.48	9.68	15.29	24.8	-2.755	0.788	9.93	9.75	9.85	15.29	59.2	-6.573	0.878	9.89	9.50	9.72	15.29	-8.7	0.971	0.436	9.59	9.47	9.54	15.29	15.36	20.00	0.10
2025-06-11/4:17:03 PM	87388	174	F300/W1/M200	55.3	-6.149	0.909	9.81	9.46	9.66	15.33	26.1	-2.904	0.806	9.94	9.75	9.85	15.33	58.1	-6.460	0.891	9.88	9.51	9.73	15.33	-4.0	0.444	0.152	9.56	9.46	9.52	15.33	15.40	20.00	0.10
2025-06-11/4:25:24 PM	87889	175	F300/W1/M200	60.8	-6.755	0.926	9.82	9.44	9.66	15.38	27.7	-3.073	0.784	9.94	9.72	9.84	15.38	73.1	-8.121	0.914	9.90	9.45	9.71	15.38	-6.4	0.717	0.282	9.59	9.47	9.55	15.38	15.44	20.00	0.10
2025-06-11/4:33:45 PM	88390	176	F300/W1/M200	55.6	-6.179	0.918	9.80	9.45	9.66	15.43	42.0	-4.671	0.903	9.84	9.56	9.73	15.43	57.0	-6.329	0.923	9.86	9.51	9.70	15.43	-3.3	0.370	0.080	9.60	9.49	9.56	15.43	15.49	20.00	0.10
2025-06-11/4:42:06 PM	88891	177	F300/W1/M200	49.0	-5.439	0.839	9.79	9.45	9.66	15.46	19.7	-2.183	0.697	9.91	9.75	9.84	15.46	47.7	-5.300	0.916	9.87	9.57	9.74	15.46	-1.6	0.180	0.031	9.55	9.47	9.52	15.46	15.53	20.00	0.10
