Date & time of file creation	2025-06-11 5:05 PM																																	
Data file path	C:\Users\ry1ho\OneDrive\Desktop\Kenauk Respirometry   2024 RH\15 C Respirometry Data 2025\Trial 5 June 10 2025\2025-06-11_PostBlank_Trial5.txt																																	
Raw data file path	C:\Users\ry1ho\OneDrive\Desktop\Kenauk Respirometry   2024 RH\15 C Respirometry Data 2025\Trial 5 June 10 2025\2025-06-11_PostBlank_Trial5_raw.txt																																	
																																		
																																		
Parameter/Chamber	Wet weight [g]	Resp. volume [mL]	Fish length [cm]	Fractional error [%]	Chamber notes																													
Chamber 1	100	900	10																															
Chamber 2	100	900																																
Chamber 3	100	900																																
Chamber 4	100	900																																
																																		
																																		
Date &Time [DD-MM-YYYY/HH:MM:SS]	Time [sec]	Loop	Phase time [s]	CH 1 MO2 [mgO2/kg/hr]	CH 1 slope [mgO2/L/hr]	CH 1 R^2	CH 1 max O2 [mgO2/L]	CH 1 min O2 [mgO2/L]	CH 1 avg O2 [mgO2/L]	CH 1 avg temp [°C]	CH 2 MO2 [mgO2/kg/hr]	CH 2 slope [mgO2/L/hr]	CH 2 R^2	CH 2 max O2 [mgO2/L]	CH 2 min O2 [mgO2/L]	CH 2 avg O2 [mgO2/L]	CH 2 avg temp [°C]	CH 3 MO2 [mgO2/kg/hr]	CH 3 slope [mgO2/L/hr]	CH 3 R^2	CH 3 max O2 [mgO2/L]	CH 3 min O2 [mgO2/L]	CH 3 avg O2 [mgO2/L]	CH 3 avg temp [°C]	CH 4 MO2 [mgO2/kg/hr]	CH 4 slope [mgO2/L/hr]	CH 4 R^2	CH 4 max O2 [mgO2/L]	CH 4 min O2 [mgO2/L]	CH 4 avg O2 [mgO2/L]	CH 4 avg temp [°C]	AMB temp N°1 avg temp [°C]	AMB temp N°1 setpoint [°C]	AMB temp N°1 hysteresis [°C]
2025-06-11/5:08:57 PM	206	1	M200	-6.8	0.753	0.614	10.03	9.95	10.00	15.08	-7.5	0.831	0.635	10.00	9.92	9.97	15.08	-7.6	0.844	0.547	10.04	9.95	10.01	15.08	-76.8	8.536	0.909	10.02	9.60	9.85	15.08	15.09	20.00	0.10
2025-06-11/5:12:17 PM	406	2	M200	-1.4	0.159	0.114	10.05	10.01	10.02	15.03	-1.3	0.143	0.107	10.01	9.97	10.00	15.03	-2.4	0.264	0.203	10.05	10.01	10.03	15.03	1.2	-0.137	0.043	10.05	9.98	10.02	15.03	15.03	20.00	0.10
2025-06-11/5:15:37 PM	606	3	M200	-0.2	0.021	0.002	10.04	10.00	10.03	15.01	-0.4	0.043	0.009	10.02	9.98	10.00	15.01	-1.0	0.114	0.039	10.06	10.01	10.04	15.01	2.7	-0.298	0.179	10.03	9.98	10.00	15.01	15.01	20.00	0.10
2025-06-11/5:18:57 PM	806	4	M200	-0.8	0.084	0.038	10.05	10.01	10.03	15.01	0.1	-0.006	0.000	10.02	9.98	10.00	15.01	-0.2	0.024	0.002	10.06	10.01	10.04	15.01	3.0	-0.336	0.262	10.02	9.95	9.98	15.01	15.01	20.00	0.10
2025-06-11/5:22:17 PM	1006	5	M200	-0.6	0.070	0.031	10.05	10.01	10.03	15.00	0.1	-0.012	0.001	10.02	9.98	10.00	15.00	-1.3	0.143	0.049	10.07	10.02	10.04	15.00	2.7	-0.304	0.196	9.99	9.93	9.96	15.00	15.00	20.00	0.10
2025-06-11/5:25:37 PM	1206	6	M200	-0.4	0.047	0.014	10.05	10.01	10.03	14.99	-0.0	0.000	0.000	10.02	9.99	10.00	14.99	0.2	-0.022	0.001	10.07	10.03	10.05	14.99	1.9	-0.212	0.112	9.98	9.93	9.95	14.99	14.99	20.00	0.10
2025-06-11/5:28:57 PM	1406	7	M200	0.2	-0.025	0.003	10.05	10.01	10.03	14.99	0.2	-0.026	0.004	10.02	9.99	10.00	14.99	1.0	-0.113	0.039	10.08	10.03	10.05	14.99	0.3	-0.036	0.003	9.98	9.91	9.95	14.99	14.99	20.00	0.10
2025-06-11/5:32:17 PM	1606	8	M200	1.0	-0.108	0.050	10.05	10.01	10.03	14.98	0.7	-0.080	0.028	10.02	9.98	10.00	14.98	-0.1	0.013	0.000	10.08	10.03	10.05	14.98	0.9	-0.097	0.027	9.97	9.91	9.94	14.98	14.98	20.00	0.10
2025-06-11/5:35:37 PM	1806	9	M200	-0.3	0.038	0.006	10.05	10.01	10.03	14.96	0.6	-0.067	0.020	10.02	9.98	10.01	14.96	-0.2	0.023	0.002	10.08	10.03	10.06	14.96	-0.1	0.008	0.000	9.97	9.92	9.95	14.96	14.96	20.00	0.10
2025-06-11/5:38:57 PM	2006	10	M200	0.3	-0.028	0.003	10.05	10.00	10.03	14.95	-0.1	0.010	0.001	10.02	9.99	10.01	14.95	-0.6	0.071	0.014	10.08	10.04	10.06	14.95	-0.6	0.067	0.011	9.97	9.91	9.95	14.95	14.95	20.00	0.10
2025-06-11/5:42:17 PM	2206	11	M200	-0.5	0.060	0.021	10.04	10.00	10.02	14.94	-1.1	0.122	0.066	10.03	9.98	10.00	14.94	-0.7	0.076	0.017	10.09	10.04	10.06	14.94	-6.1	0.673	0.346	10.01	9.92	9.96	14.94	14.94	20.00	0.10
2025-06-11/5:45:37 PM	2406	12	M200	0.5	-0.057	0.020	10.04	10.00	10.02	14.93	-0.1	0.007	0.000	10.02	9.98	10.00	14.93	0.4	-0.046	0.008	10.08	10.04	10.06	14.93	1.6	-0.174	0.067	9.98	9.91	9.94	14.93	14.93	20.00	0.10
2025-06-11/5:48:57 PM	2606	13	M200	1.9	-0.211	0.126	10.03	9.97	10.01	14.93	1.3	-0.146	0.064	10.02	9.96	10.00	14.93	1.1	-0.123	0.037	10.09	10.03	10.06	14.93	6.9	-0.765	0.064	10.08	9.87	9.97	14.93	14.93	20.00	0.10
2025-06-11/5:52:17 PM	2806	14	M200	13.5	-1.495	0.788	9.97	9.86	9.90	15.19	13.4	-1.492	0.812	9.96	9.84	9.88	15.19	12.0	-1.337	0.721	10.02	9.90	9.95	15.19	17.3	-1.923	0.754	9.87	9.71	9.77	15.19	15.19	20.00	0.10
2025-06-11/5:55:37 PM	3006	15	M200	4.4	-0.491	0.480	9.88	9.82	9.85	15.28	3.9	-0.437	0.453	9.86	9.81	9.84	15.28	2.5	-0.278	0.203	9.94	9.88	9.91	15.28	1.3	-0.147	0.063	9.75	9.70	9.73	15.28	15.28	20.00	0.10
2025-06-11/5:58:57 PM	3206	16	M200	4.3	-0.481	0.461	9.85	9.80	9.82	15.34	3.6	-0.398	0.337	9.84	9.79	9.81	15.34	3.4	-0.376	0.265	9.91	9.85	9.88	15.34	1.8	-0.197	0.102	9.75	9.70	9.72	15.34	15.34	20.00	0.10
2025-06-11/6:02:17 PM	3406	17	M200	2.2	-0.246	0.228	9.82	9.78	9.80	15.39	1.9	-0.212	0.164	9.81	9.77	9.79	15.39	1.1	-0.126	0.051	9.89	9.85	9.87	15.39	-1.5	0.172	0.072	9.74	9.69	9.72	15.39	15.39	20.00	0.10
2025-06-11/6:05:37 PM	3606	18	M200	2.4	-0.270	0.301	9.80	9.76	9.78	15.44	1.8	-0.201	0.178	9.78	9.75	9.76	15.44	1.4	-0.153	0.065	9.87	9.82	9.85	15.44	-3.0	0.333	0.220	9.74	9.69	9.71	15.44	15.44	20.00	0.10
2025-06-11/6:08:57 PM	3806	19	M200	-10.9	1.215	0.416	9.86	9.75	9.78	15.42	-10.8	1.199	0.420	9.85	9.73	9.77	15.42	-12.1	1.349	0.428	9.94	9.80	9.86	15.42	-17.7	1.970	0.475	9.87	9.69	9.75	15.42	15.42	20.00	0.10
2025-06-11/6:12:17 PM	4006	20	M200	-5.2	0.575	0.650	9.90	9.84	9.87	15.19	-5.5	0.608	0.733	9.88	9.82	9.86	15.19	-5.5	0.607	0.601	9.97	9.92	9.95	15.19	-8.7	0.970	0.685	9.94	9.86	9.90	15.19	15.19	20.00	0.10
2025-06-11/6:15:37 PM	4206	21	M200	-4.0	0.446	0.563	9.92	9.87	9.90	15.12	-3.9	0.428	0.520	9.91	9.86	9.89	15.12	-4.3	0.483	0.442	10.01	9.95	9.98	15.12	-2.8	0.306	0.226	9.95	9.90	9.93	15.12	15.12	20.00	0.10
2025-06-11/6:18:57 PM	4406	22	M200	-3.8	0.420	0.553	9.94	9.89	9.92	15.04	-3.7	0.406	0.481	9.93	9.89	9.91	15.04	-4.0	0.440	0.460	10.03	9.98	10.01	15.04	-1.2	0.133	0.057	9.96	9.91	9.94	15.04	15.04	20.00	0.10
2025-06-11/6:22:17 PM	4606	23	M200	0.2	-0.022	0.003	9.95	9.91	9.93	15.01	-0.6	0.072	0.031	9.93	9.90	9.92	15.01	0.1	-0.009	0.000	10.04	10.00	10.02	15.01	-1.2	0.135	0.048	9.97	9.92	9.94	15.01	15.01	20.00	0.10
2025-06-11/6:25:37 PM	4806	24	M200	0.6	-0.063	0.019	9.95	9.91	9.92	15.00	1.2	-0.130	0.087	9.93	9.89	9.91	15.00	0.7	-0.076	0.024	10.03	9.99	10.01	15.00	-40.1	4.460	0.784	10.13	9.91	10.01	15.00	15.00	20.00	0.10
2025-06-11/6:28:57 PM	5006	25	M200	1.4	-0.160	0.112	9.95	9.90	9.92	14.98	1.1	-0.128	0.065	9.93	9.88	9.91	14.98	0.5	-0.052	0.008	10.04	9.99	10.02	14.98	3.2	-0.357	0.283	10.13	10.08	10.11	14.98	14.98	20.00	0.10
2025-06-11/6:32:17 PM	5206	26	M200	0.5	-0.055	0.018	9.94	9.90	9.92	14.96	0.3	-0.038	0.008	9.93	9.89	9.91	14.96	0.2	-0.025	0.002	10.05	10.00	10.02	14.96	2.2	-0.243	0.148	10.13	10.07	10.10	14.96	14.96	20.00	0.10
2025-06-11/6:35:37 PM	5406	27	M200	0.1	-0.016	0.001	9.94	9.90	9.92	14.95	1.3	-0.142	0.095	9.92	9.88	9.90	14.95	0.3	-0.031	0.002	10.04	9.99	10.02	14.95	1.8	-0.198	0.083	10.12	10.05	10.09	14.95	14.95	20.00	0.10
2025-06-11/6:38:57 PM	5606	28	M200	1.6	-0.176	0.126	9.93	9.89	9.91	14.94	1.8	-0.195	0.140	9.92	9.87	9.90	14.94	0.7	-0.078	0.016	10.05	9.99	10.02	14.94	2.5	-0.281	0.178	10.11	10.05	10.08	14.94	14.94	20.00	0.10
2025-06-11/6:42:17 PM	5806	29	M200	21.1	-2.347	0.863	9.92	9.80	9.86	15.04	21.0	-2.328	0.861	9.91	9.78	9.84	15.04	20.5	-2.277	0.845	10.02	9.90	9.97	15.04	19.6	-2.174	0.836	10.09	9.96	10.03	15.04	15.04	20.00	0.10
2025-06-11/6:45:37 PM	6006	30	M200	5.9	-0.660	0.649	9.82	9.75	9.78	15.20	6.0	-0.665	0.586	9.81	9.74	9.77	15.20	5.5	-0.616	0.483	9.93	9.86	9.89	15.20	3.3	-0.365	0.273	9.99	9.92	9.96	15.20	15.20	20.00	0.10
2025-06-11/6:48:57 PM	6206	31	M200	2.5	-0.281	0.185	9.77	9.71	9.75	15.27	3.1	-0.340	0.240	9.76	9.70	9.73	15.27	2.7	-0.294	0.165	9.89	9.83	9.87	15.27	1.2	-0.133	0.036	9.97	9.91	9.94	15.27	15.27	20.00	0.10
2025-06-11/6:52:17 PM	6406	32	M200	4.7	-0.527	0.501	9.75	9.69	9.72	15.33	5.4	-0.604	0.484	9.74	9.68	9.70	15.33	4.2	-0.464	0.322	9.88	9.81	9.84	15.33	3.4	-0.374	0.232	9.96	9.90	9.92	15.33	15.33	20.00	0.10
2025-06-11/6:55:37 PM	6606	33	M200	4.7	-0.517	0.503	9.72	9.66	9.69	15.37	4.9	-0.542	0.555	9.71	9.65	9.68	15.37	4.3	-0.479	0.440	9.86	9.79	9.82	15.37	2.1	-0.229	0.115	9.94	9.88	9.91	15.37	15.37	20.00	0.10
2025-06-11/6:58:57 PM	6806	34	M200	4.6	-0.509	0.563	9.70	9.64	9.67	15.42	4.0	-0.447	0.444	9.68	9.63	9.65	15.42	3.8	-0.425	0.360	9.82	9.77	9.80	15.42	2.4	-0.267	0.147	9.92	9.86	9.90	15.42	15.42	20.00	0.10
2025-06-11/7:02:17 PM	7006	35	M200	2.0	-0.222	0.109	9.67	9.62	9.64	15.47	2.0	-0.226	0.131	9.66	9.60	9.63	15.47	1.7	-0.184	0.070	9.80	9.75	9.78	15.47	1.0	-0.106	0.018	9.91	9.85	9.88	15.47	15.47	20.00	0.10
2025-06-11/7:05:37 PM	7206	36	M200	-20.9	2.324	0.874	9.77	9.62	9.71	15.29	-20.4	2.269	0.876	9.75	9.61	9.70	15.29	-21.8	2.418	0.845	9.91	9.76	9.85	15.29	-19.3	2.147	0.835	10.02	9.86	9.95	15.29	15.29	20.00	0.10
2025-06-11/7:08:57 PM	7406	37	M200	-3.9	0.434	0.478	9.80	9.74	9.77	15.13	-4.1	0.457	0.514	9.78	9.73	9.75	15.13	-5.0	0.560	0.500	9.95	9.88	9.91	15.13	-2.7	0.298	0.196	10.03	9.97	10.01	15.13	15.13	20.00	0.10
2025-06-11/7:12:17 PM	7606	38	M200	-2.9	0.317	0.370	9.82	9.77	9.79	15.05	-2.8	0.315	0.329	9.80	9.75	9.78	15.05	-3.5	0.386	0.359	9.96	9.90	9.94	15.05	-1.7	0.192	0.110	10.05	10.00	10.02	15.05	15.05	20.00	0.10
2025-06-11/7:15:37 PM	7806	39	M200	-2.7	0.303	0.352	9.84	9.80	9.82	14.97	-2.5	0.276	0.301	9.82	9.78	9.80	14.97	-4.1	0.451	0.443	9.99	9.94	9.96	14.97	-2.3	0.260	0.166	10.07	10.01	10.04	14.97	14.97	20.00	0.10
2025-06-11/7:18:57 PM	8006	40	M200	19.2	-2.131	0.817	9.84	9.70	9.76	15.09	19.3	-2.150	0.837	9.82	9.69	9.74	15.09	18.9	-2.104	0.799	9.99	9.86	9.91	15.09	18.4	-2.049	0.814	10.06	9.92	9.98	15.09	15.09	20.00	0.10
2025-06-11/7:22:17 PM	8206	41	M200	-0.1	0.007	0.000	9.74	9.69	9.72	15.14	-0.6	0.067	0.014	9.73	9.68	9.70	15.14	-0.4	0.045	0.006	9.90	9.85	9.87	15.14	-1.6	0.182	0.061	9.98	9.91	9.95	15.14	15.14	20.00	0.10
2025-06-11/7:25:37 PM	8406	42	M200	3.4	-0.381	0.416	9.73	9.68	9.71	15.14	3.8	-0.426	0.485	9.72	9.66	9.69	15.14	2.9	-0.317	0.277	9.89	9.84	9.87	15.14	0.9	-0.099	0.023	9.98	9.92	9.95	15.14	15.14	20.00	0.10
2025-06-11/7:28:57 PM	8606	43	M200	5.2	-0.576	0.501	9.71	9.64	9.68	15.19	5.0	-0.554	0.486	9.69	9.63	9.66	15.19	3.8	-0.423	0.333	9.87	9.80	9.84	15.19	3.3	-0.366	0.192	9.97	9.89	9.93	15.19	15.19	20.00	0.10
2025-06-11/7:32:17 PM	8806	44	M200	4.3	-0.474	0.423	9.68	9.61	9.65	15.24	4.6	-0.507	0.412	9.66	9.60	9.63	15.24	3.5	-0.387	0.291	9.84	9.79	9.81	15.24	1.7	-0.192	0.078	9.96	9.88	9.92	15.24	15.24	20.00	0.10
2025-06-11/7:35:37 PM	9006	45	M200	2.3	-0.259	0.203	9.65	9.60	9.62	15.28	2.5	-0.279	0.253	9.63	9.58	9.61	15.28	1.4	-0.153	0.049	9.82	9.77	9.80	15.28	-0.4	0.048	0.005	9.94	9.89	9.91	15.28	15.28	20.00	0.10
2025-06-11/7:38:57 PM	9206	46	M200	4.7	-0.517	0.475	9.62	9.57	9.60	15.33	4.1	-0.454	0.368	9.61	9.55	9.58	15.33	3.3	-0.365	0.245	9.80	9.74	9.77	15.33	1.6	-0.180	0.061	9.93	9.87	9.90	15.33	15.33	20.00	0.10
2025-06-11/7:42:17 PM	9406	47	M200	0.8	-0.089	0.025	9.60	9.55	9.57	15.36	0.8	-0.087	0.025	9.58	9.53	9.56	15.36	-0.3	0.034	0.003	9.78	9.72	9.76	15.36	-1.4	0.159	0.046	9.93	9.86	9.89	15.36	15.36	20.00	0.10
2025-06-11/7:45:37 PM	9606	48	M200	-0.5	0.059	0.010	9.59	9.55	9.57	15.36	-0.5	0.055	0.009	9.58	9.52	9.55	15.36	-0.5	0.056	0.008	9.78	9.73	9.76	15.36	-1.4	0.160	0.052	9.93	9.86	9.90	15.36	15.36	20.00	0.10
2025-06-11/7:48:57 PM	9806	49	M200	0.7	-0.080	0.020	9.60	9.55	9.57	15.34	0.9	-0.102	0.034	9.57	9.53	9.55	15.34	-0.4	0.050	0.007	9.79	9.74	9.76	15.34	-0.5	0.059	0.007	9.93	9.86	9.90	15.34	15.34	20.00	0.10
2025-06-11/7:52:17 PM	10006	50	M200	-3.1	0.344	0.237	9.61	9.55	9.58	15.30	-3.2	0.355	0.275	9.58	9.53	9.56	15.30	-3.9	0.438	0.325	9.81	9.75	9.78	15.30	-3.3	0.362	0.188	9.95	9.88	9.92	15.30	15.30	20.00	0.10
2025-06-11/7:55:37 PM	10206	51	M200	-0.5	0.057	0.009	9.61	9.56	9.59	15.25	-0.1	0.012	0.000	9.59	9.53	9.57	15.25	-1.0	0.114	0.027	9.81	9.76	9.79	15.25	-1.5	0.165	0.049	9.96	9.90	9.94	15.25	15.25	20.00	0.10
2025-06-11/7:58:57 PM	10406	52	M200	5.1	-0.562	0.511	9.60	9.52	9.55	15.32	4.3	-0.482	0.420	9.56	9.50	9.53	15.32	3.5	-0.388	0.251	9.80	9.73	9.76	15.32	4.0	-0.448	0.288	9.95	9.88	9.90	15.32	15.32	20.00	0.10
2025-06-11/8:02:17 PM	10606	53	M200	9.3	-1.033	0.794	9.54	9.47	9.51	15.42	9.7	-1.075	0.785	9.53	9.44	9.48	15.42	8.7	-0.971	0.696	9.77	9.68	9.72	15.42	7.6	-0.845	0.569	9.91	9.82	9.87	15.42	15.42	20.00	0.10
2025-06-11/8:05:37 PM	10806	54	M200	0.9	-0.097	0.033	9.51	9.46	9.48	15.47	0.9	-0.096	0.030	9.48	9.43	9.46	15.47	-0.2	0.028	0.002	9.72	9.68	9.70	15.47	1.3	-0.150	0.041	9.88	9.82	9.85	15.47	15.47	20.00	0.10
2025-06-11/8:08:57 PM	11006	55	M200	0.6	-0.071	0.024	9.48	9.44	9.46	15.51	1.7	-0.187	0.138	9.46	9.41	9.44	15.51	-0.1	0.009	0.000	9.70	9.66	9.68	15.51	-4.4	0.484	0.338	9.87	9.80	9.83	15.51	15.51	20.00	0.10
2025-06-11/8:12:17 PM	11206	56	M200	3.5	-0.384	0.368	9.46	9.41	9.44	15.55	3.7	-0.408	0.362	9.44	9.39	9.42	15.55	2.8	-0.313	0.208	9.70	9.64	9.67	15.55	1.5	-0.162	0.048	9.86	9.79	9.83	15.55	15.55	20.00	0.10
2025-06-11/8:15:37 PM	11406	57	M200	4.1	-0.454	0.496	9.44	9.39	9.41	15.60	3.8	-0.419	0.433	9.42	9.37	9.39	15.60	2.9	-0.326	0.276	9.68	9.63	9.65	15.60	1.2	-0.130	0.041	9.85	9.80	9.82	15.60	15.60	20.00	0.10
2025-06-11/8:18:57 PM	11606	58	M200	2.8	-0.307	0.232	9.42	9.36	9.39	15.65	3.0	-0.334	0.284	9.40	9.35	9.37	15.65	2.3	-0.251	0.170	9.66	9.61	9.63	15.65	1.6	-0.182	0.062	9.84	9.79	9.82	15.65	15.65	20.00	0.10
2025-06-11/8:22:17 PM	11806	59	M200	-0.5	0.056	0.012	9.41	9.37	9.39	15.65	-0.7	0.074	0.019	9.39	9.34	9.36	15.65	-1.7	0.183	0.097	9.67	9.61	9.63	15.65	0.0	-0.005	0.000	9.85	9.78	9.81	15.65	15.65	20.00	0.10
2025-06-11/8:25:37 PM	12006	60	M200	0.6	-0.067	0.020	9.39	9.36	9.37	15.67	0.2	-0.021	0.002	9.37	9.34	9.35	15.67	-0.5	0.052	0.010	9.64	9.60	9.62	15.67	-0.5	0.057	0.008	9.82	9.77	9.80	15.67	15.67	20.00	0.10
2025-06-11/8:28:57 PM	12206	61	M200	-0.1	0.015	0.001	9.40	9.36	9.38	15.65	-0.1	0.013	0.001	9.37	9.33	9.35	15.65	-0.5	0.051	0.008	9.65	9.61	9.63	15.65	0.6	-0.069	0.012	9.82	9.77	9.80	15.65	15.65	20.00	0.10
2025-06-11/8:32:17 PM	12406	62	M200	0.8	-0.091	0.034	9.40	9.36	9.38	15.63	0.6	-0.067	0.021	9.37	9.33	9.35	15.63	-0.1	0.013	0.001	9.66	9.61	9.63	15.63	4.3	-0.474	0.333	9.82	9.75	9.79	15.63	15.63	20.00	0.10
2025-06-11/8:35:37 PM	12606	63	M200	0.3	-0.036	0.005	9.40	9.36	9.38	15.61	0.6	-0.063	0.018	9.37	9.33	9.35	15.61	-0.0	0.002	0.000	9.66	9.61	9.64	15.61	-0.1	0.016	0.001	9.81	9.76	9.79	15.61	15.61	20.00	0.10
2025-06-11/8:38:57 PM	12806	64	M200	-4.0	0.446	0.400	9.41	9.36	9.38	15.58	-3.9	0.432	0.342	9.39	9.33	9.35	15.58	-4.7	0.527	0.358	9.69	9.61	9.65	15.58	-10.6	1.178	0.526	9.86	9.76	9.80	15.58	15.58	20.00	0.10
2025-06-11/8:42:17 PM	13006	65	M200	2.8	-0.316	0.230	9.41	9.37	9.39	15.55	2.9	-0.325	0.259	9.38	9.33	9.36	15.55	2.1	-0.231	0.125	9.69	9.63	9.66	15.55	-8.0	0.894	0.426	9.90	9.81	9.86	15.55	15.55	20.00	0.10
2025-06-11/8:45:37 PM	13206	66	M200	3.8	-0.421	0.397	9.41	9.35	9.38	15.56	3.7	-0.407	0.380	9.37	9.32	9.35	15.56	3.1	-0.344	0.241	9.68	9.62	9.65	15.56	4.1	-0.460	0.242	9.93	9.84	9.89	15.56	15.56	20.00	0.10
2025-06-11/8:48:57 PM	13406	67	M200	-1.2	0.130	0.072	9.39	9.35	9.37	15.54	-0.1	0.015	0.001	9.36	9.32	9.34	15.54	-1.9	0.214	0.135	9.67	9.62	9.65	15.54	-4.5	0.496	0.133	9.92	9.81	9.87	15.54	15.54	20.00	0.10
2025-06-11/8:52:17 PM	13606	68	M200	1.4	-0.153	0.098	9.39	9.34	9.37	15.54	1.8	-0.200	0.154	9.36	9.31	9.34	15.54	0.9	-0.096	0.032	9.67	9.63	9.65	15.54	0.3	-0.033	0.001	9.90	9.83	9.87	15.54	15.54	20.00	0.10
2025-06-11/8:55:37 PM	13806	69	M200	-0.5	0.051	0.009	9.39	9.33	9.36	15.52	0.3	-0.028	0.003	9.36	9.31	9.33	15.52	-1.1	0.123	0.038	9.68	9.63	9.65	15.52	-17.1	1.897	0.735	9.93	9.77	9.86	15.52	15.52	20.00	0.10
2025-06-11/8:58:57 PM	14006	70	M200	3.4	-0.377	0.285	9.39	9.33	9.35	15.53	3.7	-0.410	0.319	9.36	9.29	9.32	15.53	2.6	-0.288	0.159	9.67	9.61	9.64	15.53	16.8	-1.865	0.633	9.94	9.78	9.83	15.53	15.53	20.00	0.10
2025-06-11/9:02:17 PM	14206	71	M200	0.4	-0.049	0.006	9.37	9.33	9.35	15.51	0.6	-0.068	0.013	9.34	9.29	9.32	15.51	0.1	-0.010	0.000	9.67	9.62	9.64	15.51	-24.5	2.726	0.772	9.93	9.78	9.87	15.51	15.51	20.00	0.10
2025-06-11/9:05:37 PM	14406	72	M200	0.6	-0.063	0.008	9.37	9.31	9.34	15.49	0.9	-0.095	0.021	9.33	9.29	9.31	15.49	-0.3	0.037	0.002	9.68	9.61	9.64	15.49	0.7	-0.074	0.009	9.94	9.88	9.91	15.49	15.49	20.00	0.10
2025-06-11/9:08:57 PM	14606	73	M200	-0.2	0.024	0.002	9.35	9.31	9.33	15.50	-0.5	0.058	0.013	9.32	9.28	9.30	15.50	-1.6	0.174	0.086	9.66	9.61	9.64	15.50	22.8	-2.537	0.831	9.93	9.79	9.86	15.50	15.50	20.00	0.10
2025-06-11/9:12:17 PM	14806	74	M200	4.5	-0.495	0.404	9.36	9.30	9.33	15.49	4.3	-0.474	0.413	9.32	9.27	9.29	15.49	3.9	-0.438	0.299	9.67	9.60	9.63	15.49	-13.5	1.501	0.723	9.90	9.78	9.84	15.49	15.49	20.00	0.10
2025-06-11/9:15:37 PM	15006	75	M200	12.0	-1.334	0.600	9.36	9.25	9.31	15.50	12.4	-1.375	0.614	9.32	9.21	9.28	15.50	11.9	-1.318	0.576	9.68	9.56	9.62	15.50	10.0	-1.113	0.374	9.93	9.80	9.87	15.50	15.50	20.00	0.10
2025-06-11/9:18:57 PM	15206	76	M200	8.5	-0.949	0.753	9.29	9.21	9.25	15.64	8.4	-0.937	0.744	9.25	9.18	9.21	15.64	8.4	-0.930	0.629	9.61	9.52	9.57	15.64	-3.1	0.339	0.114	9.89	9.82	9.86	15.64	15.64	20.00	0.10
2025-06-11/9:22:17 PM	15406	77	M200	-0.1	0.013	0.000	9.24	9.18	9.20	15.74	-0.1	0.006	0.000	9.20	9.14	9.17	15.74	-1.5	0.162	0.029	9.57	9.50	9.52	15.74	4.7	-0.519	0.134	9.88	9.77	9.82	15.74	15.74	20.00	0.10
2025-06-11/9:25:37 PM	15606	78	M200	-12.7	1.410	0.652	9.24	9.15	9.19	15.77	-12.1	1.348	0.633	9.20	9.11	9.15	15.77	-13.5	1.505	0.684	9.57	9.46	9.51	15.77	-28.3	3.148	0.814	9.92	9.72	9.84	15.77	15.77	20.00	0.10
2025-06-11/9:28:57 PM	15806	79	M200	-1.0	0.116	0.021	9.24	9.17	9.21	15.71	-1.1	0.118	0.022	9.20	9.14	9.17	15.71	-2.4	0.271	0.091	9.57	9.49	9.54	15.71	12.6	-1.401	0.486	9.92	9.76	9.81	15.71	15.71	20.00	0.10
2025-06-11/9:32:17 PM	16006	80	M200	-1.0	0.116	0.036	9.24	9.19	9.22	15.67	-0.3	0.037	0.004	9.21	9.15	9.18	15.67	-1.1	0.128	0.028	9.59	9.52	9.55	15.67	-0.9	0.102	0.013	9.84	9.76	9.80	15.67	15.67	20.00	0.10
2025-06-11/9:35:37 PM	16206	81	M200	2.3	-0.261	0.110	9.24	9.18	9.21	15.67	2.0	-0.220	0.073	9.20	9.14	9.17	15.67	1.8	-0.205	0.063	9.59	9.53	9.55	15.67	0.4	-0.041	0.001	9.83	9.75	9.79	15.67	15.67	20.00	0.10
2025-06-11/9:38:57 PM	16406	82	M200	-4.4	0.491	0.485	9.24	9.18	9.21	15.66	-3.7	0.415	0.475	9.19	9.14	9.17	15.66	-5.1	0.563	0.511	9.60	9.52	9.56	15.66	14.7	-1.638	0.689	9.90	9.79	9.84	15.66	15.66	20.00	0.10
2025-06-11/9:42:17 PM	16606	83	M200	1.7	-0.186	0.058	9.24	9.18	9.21	15.65	1.6	-0.178	0.051	9.20	9.14	9.17	15.65	0.7	-0.079	0.009	9.59	9.52	9.56	15.65	0.4	-0.046	0.002	9.83	9.75	9.79	15.65	15.65	20.00	0.10
2025-06-11/9:45:37 PM	16806	84	M200	-0.2	0.018	0.001	9.23	9.19	9.21	15.62	-0.0	0.004	0.000	9.19	9.15	9.17	15.62	-1.0	0.112	0.030	9.59	9.54	9.57	15.62	-3.0	0.330	0.053	9.92	9.77	9.89	15.62	15.62	20.00	0.10
2025-06-11/9:48:57 PM	17006	85	M200	2.5	-0.277	0.191	9.23	9.19	9.21	15.60	2.1	-0.237	0.152	9.19	9.15	9.17	15.60	1.3	-0.140	0.054	9.59	9.55	9.57	15.60	18.5	-2.056	0.736	9.91	9.78	9.83	15.60	15.60	20.00	0.10
2025-06-11/9:52:17 PM	17206	86	M200	0.4	-0.044	0.005	9.24	9.18	9.21	15.57	0.5	-0.055	0.009	9.19	9.14	9.17	15.57	-0.2	0.024	0.001	9.61	9.55	9.58	15.57	-1.8	0.205	0.059	9.84	9.78	9.81	15.57	15.57	20.00	0.10
2025-06-11/9:55:37 PM	17406	87	M200	4.4	-0.487	0.406	9.23	9.18	9.20	15.57	3.8	-0.424	0.407	9.19	9.14	9.16	15.57	3.1	-0.349	0.251	9.61	9.55	9.58	15.57	14.2	-1.575	0.285	9.94	9.78	9.85	15.57	15.57	20.00	0.10
2025-06-11/9:58:57 PM	17606	88	M200	-4.7	0.521	0.446	9.23	9.17	9.20	15.56	-4.5	0.502	0.462	9.18	9.12	9.16	15.56	-5.1	0.566	0.448	9.61	9.55	9.58	15.56	-6.2	0.688	0.330	9.88	9.76	9.80	15.56	15.56	20.00	0.10
2025-06-11/10:02:17 PM	17806	89	M200	-3.9	0.437	0.409	9.23	9.17	9.20	15.53	-3.4	0.379	0.300	9.18	9.13	9.16	15.53	-4.8	0.533	0.409	9.62	9.55	9.58	15.53	-11.5	1.283	0.326	9.92	9.77	9.86	15.53	15.53	20.00	0.10
2025-06-11/10:05:37 PM	18006	90	M200	-0.5	0.057	0.015	9.22	9.18	9.21	15.50	-0.5	0.059	0.017	9.18	9.14	9.16	15.50	-1.4	0.152	0.069	9.62	9.57	9.59	15.50	-0.7	0.076	0.008	9.94	9.86	9.90	15.50	15.50	20.00	0.10
2025-06-11/10:08:57 PM	18206	91	M200	4.5	-0.497	0.447	9.22	9.16	9.19	15.52	4.6	-0.514	0.464	9.17	9.11	9.14	15.52	4.6	-0.506	0.379	9.61	9.55	9.58	15.52	27.0	-3.005	0.885	9.94	9.75	9.84	15.52	15.52	20.00	0.10
2025-06-11/10:12:17 PM	18406	92	M200	11.7	-1.299	0.578	9.21	9.09	9.13	15.64	11.0	-1.222	0.541	9.15	9.05	9.09	15.64	11.3	-1.260	0.553	9.59	9.48	9.53	15.64	4.8	-0.529	0.143	9.82	9.72	9.77	15.64	15.64	20.00	0.10
2025-06-11/10:15:37 PM	18606	93	M200	2.4	-0.270	0.167	9.11	9.06	9.09	15.74	2.8	-0.315	0.213	9.07	9.02	9.04	15.74	2.3	-0.252	0.122	9.51	9.45	9.49	15.74	10.6	-1.176	0.233	9.87	9.71	9.80	15.74	15.74	20.00	0.10
2025-06-11/10:18:57 PM	18806	94	M200	6.4	-0.716	0.453	9.09	9.02	9.05	15.82	6.3	-0.695	0.439	9.05	8.97	9.01	15.82	5.9	-0.651	0.355	9.49	9.42	9.46	15.82	-2.4	0.272	0.035	9.80	9.70	9.75	15.82	15.82	20.00	0.10
2025-06-11/10:22:17 PM	19006	95	M200	-7.5	0.833	0.361	9.10	8.95	9.07	15.76	-7.2	0.804	0.376	9.05	8.92	9.02	15.76	-8.3	0.923	0.412	9.52	9.36	9.48	15.76	-9.8	1.089	0.415	9.87	9.67	9.79	15.76	15.76	20.00	0.10
2025-06-11/10:25:37 PM	19206	96	M200	3.4	-0.376	0.230	9.10	9.05	9.08	15.72	3.6	-0.399	0.248	9.06	8.99	9.03	15.72	3.0	-0.330	0.176	9.52	9.47	9.50	15.72	0.5	-0.053	0.003	9.87	9.78	9.84	15.72	15.72	20.00	0.10
2025-06-11/10:28:57 PM	19406	97	M200	0.0	-0.001	0.000	9.11	9.06	9.09	15.69	-0.2	0.022	0.002	9.06	9.02	9.04	15.69	-0.9	0.100	0.035	9.53	9.49	9.51	15.69	-1.0	0.112	0.032	9.89	9.83	9.86	15.69	15.69	20.00	0.10
2025-06-11/10:32:17 PM	19606	98	M200	-1.2	0.135	0.076	9.11	9.07	9.09	15.67	-0.4	0.040	0.007	9.06	9.02	9.04	15.67	-1.9	0.207	0.133	9.54	9.49	9.52	15.67	-1.1	0.127	0.030	9.89	9.82	9.86	15.67	15.67	20.00	0.10
2025-06-11/10:35:37 PM	19806	99	M200	-0.3	0.029	0.005	9.11	9.08	9.09	15.64	-0.6	0.061	0.020	9.06	9.02	9.04	15.64	-1.2	0.130	0.066	9.55	9.51	9.53	15.64	-1.0	0.117	0.026	9.90	9.83	9.87	15.64	15.64	20.00	0.10
2025-06-11/10:38:57 PM	20006	100	M200	0.1	-0.007	0.000	9.10	9.06	9.08	15.65	-0.3	0.032	0.004	9.05	9.00	9.03	15.65	-1.0	0.106	0.033	9.54	9.49	9.52	15.65	1.1	-0.117	0.005	9.86	9.75	9.80	15.65	15.65	20.00	0.10
2025-06-11/10:42:17 PM	20206	101	M200	-2.2	0.242	0.156	9.10	9.05	9.08	15.63	-2.2	0.244	0.159	9.05	9.00	9.03	15.63	-3.3	0.367	0.256	9.55	9.50	9.53	15.63	-14.1	1.561	0.628	9.89	9.77	9.83	15.63	15.63	20.00	0.10
2025-06-11/10:45:37 PM	20406	102	M200	7.0	-0.778	0.569	9.10	9.03	9.07	15.65	6.9	-0.763	0.524	9.05	8.98	9.02	15.65	6.4	-0.708	0.440	9.55	9.48	9.51	15.65	17.3	-1.925	0.528	9.89	9.75	9.82	15.65	15.65	20.00	0.10
2025-06-11/10:48:57 PM	20606	103	M200	-0.4	0.041	0.006	9.10	9.05	9.08	15.59	-0.3	0.037	0.004	9.05	9.01	9.03	15.59	-1.6	0.178	0.076	9.55	9.50	9.53	15.59	-4.6	0.509	0.309	9.89	9.81	9.86	15.59	15.59	20.00	0.10
2025-06-11/10:52:17 PM	20806	104	M200	-0.9	0.098	0.020	9.10	9.05	9.07	15.58	-1.0	0.108	0.024	9.04	8.99	9.02	15.58	-1.1	0.121	0.026	9.56	9.50	9.53	15.58	-11.4	1.265	0.305	9.91	9.77	9.83	15.58	15.58	20.00	0.10
2025-06-11/10:55:37 PM	21006	105	M200	-2.1	0.234	0.130	9.11	9.06	9.08	15.53	-1.7	0.184	0.081	9.05	9.00	9.03	15.53	-2.9	0.324	0.166	9.57	9.51	9.55	15.53	1.3	-0.149	0.025	9.83	9.76	9.80	15.53	15.53	20.00	0.10
2025-06-11/10:58:57 PM	21206	106	M200	5.1	-0.562	0.245	9.10	9.02	9.07	15.52	4.8	-0.539	0.244	9.05	8.96	9.02	15.52	4.2	-0.469	0.157	9.57	9.48	9.54	15.52	-10.6	1.180	0.281	9.91	9.77	9.86	15.52	15.52	20.00	0.10
2025-06-11/11:02:17 PM	21406	107	M200	8.7	-0.972	0.640	9.04	8.97	9.01	15.68	8.2	-0.908	0.590	8.99	8.91	8.95	15.68	8.2	-0.911	0.597	9.52	9.44	9.48	15.68	6.5	-0.725	0.422	9.88	9.79	9.84	15.68	15.68	20.00	0.10
2025-06-11/11:05:37 PM	21606	108	M200	6.4	-0.716	0.744	9.00	8.94	8.98	15.75	6.6	-0.728	0.746	8.95	8.88	8.92	15.75	5.8	-0.646	0.613	9.48	9.41	9.45	15.75	2.2	-0.242	0.083	9.86	9.79	9.82	15.75	15.75	20.00	0.10
2025-06-11/11:08:57 PM	21806	109	M200	-3.9	0.428	0.275	8.98	8.92	8.95	15.80	-3.2	0.357	0.193	8.92	8.86	8.90	15.80	-5.4	0.601	0.387	9.47	9.41	9.43	15.80	-5.4	0.597	0.417	9.86	9.79	9.82	15.80	15.80	20.00	0.10
2025-06-11/11:12:17 PM	22006	110	M200	-5.9	0.656	0.535	9.00	8.94	8.97	15.73	-5.4	0.604	0.480	8.94	8.88	8.92	15.73	-7.5	0.829	0.580	9.49	9.42	9.46	15.73	0.3	-0.032	0.001	9.88	9.80	9.84	15.73	15.73	20.00	0.10
2025-06-11/11:15:37 PM	22206	111	M200	-0.4	0.047	0.011	8.99	8.95	8.97	15.73	0.1	-0.011	0.001	8.93	8.89	8.91	15.73	-0.8	0.087	0.030	9.48	9.44	9.46	15.73	0.2	-0.021	0.000	9.85	9.76	9.80	15.73	15.73	20.00	0.10
2025-06-11/11:18:57 PM	22406	112	M200	-0.3	0.029	0.003	8.98	8.94	8.97	15.71	-0.4	0.049	0.009	8.94	8.89	8.91	15.71	-1.3	0.149	0.058	9.49	9.45	9.47	15.71	1.3	-0.142	0.032	9.82	9.76	9.78	15.71	15.71	20.00	0.10
2025-06-11/11:22:17 PM	22606	113	M200	-5.7	0.633	0.598	9.01	8.95	8.97	15.69	-5.8	0.647	0.575	8.95	8.88	8.91	15.69	-7.3	0.811	0.613	9.51	9.44	9.48	15.69	-28.2	3.139	0.735	9.91	9.74	9.84	15.69	15.69	20.00	0.10
2025-06-11/11:25:37 PM	22806	114	M200	-0.8	0.085	0.027	8.99	8.95	8.97	15.69	-0.9	0.097	0.042	8.93	8.88	8.91	15.69	-1.1	0.120	0.046	9.50	9.46	9.48	15.69	16.6	-1.846	0.735	9.89	9.77	9.83	15.69	15.69	20.00	0.10
2025-06-11/11:28:57 PM	23006	115	M200	-3.9	0.429	0.441	9.01	8.96	8.99	15.60	-4.0	0.450	0.466	8.95	8.90	8.93	15.60	-5.6	0.627	0.605	9.54	9.47	9.50	15.60	-6.0	0.668	0.353	9.91	9.82	9.87	15.60	15.60	20.00	0.10
2025-06-11/11:32:17 PM	23206	116	M200	-0.3	0.038	0.004	9.00	8.96	8.99	15.58	-0.1	0.012	0.000	8.95	8.91	8.93	15.58	-1.5	0.163	0.060	9.53	9.47	9.51	15.58	0.6	-0.064	0.002	9.93	9.82	9.88	15.58	15.58	20.00	0.10
2025-06-11/11:35:37 PM	23406	117	M200	-0.2	0.021	0.003	9.01	8.98	9.00	15.54	0.0	-0.000	0.000	8.96	8.92	8.94	15.54	-1.4	0.161	0.118	9.54	9.50	9.52	15.54	1.3	-0.143	0.039	9.93	9.87	9.90	15.54	15.54	20.00	0.10
2025-06-11/11:38:57 PM	23606	118	M200	3.8	-0.423	0.603	9.01	8.97	8.99	15.54	3.6	-0.396	0.554	8.95	8.91	8.93	15.54	3.1	-0.343	0.367	9.54	9.50	9.52	15.54	14.5	-1.616	0.692	9.92	9.79	9.87	15.54	15.54	20.00	0.10
2025-06-11/11:42:17 PM	23806	119	M200	-0.4	0.042	0.004	9.00	8.95	8.98	15.53	-0.2	0.028	0.002	8.95	8.89	8.92	15.53	-1.4	0.156	0.036	9.54	9.48	9.52	15.53	-21.1	2.350	0.764	9.92	9.78	9.85	15.53	15.53	20.00	0.10
2025-06-11/11:45:37 PM	24006	120	M200	3.6	-0.402	0.473	9.00	8.95	8.98	15.51	3.2	-0.351	0.434	8.94	8.89	8.92	15.51	2.5	-0.273	0.249	9.54	9.50	9.52	15.51	0.3	-0.029	0.002	9.92	9.87	9.90	15.51	15.51	20.00	0.10
2025-06-11/11:48:57 PM	24206	121	M200	7.4	-0.821	0.438	8.99	8.91	8.96	15.54	7.5	-0.837	0.509	8.93	8.85	8.89	15.54	6.9	-0.763	0.395	9.54	9.46	9.51	15.54	15.2	-1.690	0.526	9.91	9.76	9.83	15.54	15.54	20.00	0.10
2025-06-11/11:52:17 PM	24406	122	M200	5.4	-0.599	0.660	8.93	8.87	8.90	15.67	5.5	-0.610	0.689	8.87	8.81	8.84	15.67	4.3	-0.480	0.525	9.49	9.43	9.45	15.67	-0.2	0.027	0.001	9.87	9.81	9.85	15.67	15.67	20.00	0.10
2025-06-11/11:55:37 PM	24606	123	M200	5.5	-0.611	0.490	8.89	8.83	8.85	15.79	5.6	-0.620	0.497	8.83	8.76	8.79	15.79	4.7	-0.526	0.392	9.45	9.39	9.41	15.79	15.4	-1.707	0.676	9.85	9.73	9.79	15.79	15.79	20.00	0.10
2025-06-11/11:58:57 PM	24806	124	M200	0.5	-0.058	0.005	8.86	8.80	8.83	15.82	0.8	-0.092	0.011	8.80	8.74	8.77	15.82	-0.8	0.086	0.009	9.43	9.36	9.40	15.82	-11.4	1.262	0.403	9.86	9.73	9.78	15.82	15.82	20.00	0.10
2025-06-12/12:02:17 AM	25006	125	M200	-0.9	0.101	0.085	8.89	8.85	8.87	15.71	-1.2	0.129	0.124	8.82	8.79	8.80	15.71	-2.3	0.253	0.286	9.46	9.42	9.44	15.71	-1.2	0.131	0.058	9.88	9.83	9.86	15.71	15.71	20.00	0.10
2025-06-12/12:05:37 AM	25206	126	M200	-3.7	0.406	0.377	8.89	8.84	8.87	15.70	-3.4	0.383	0.353	8.82	8.77	8.80	15.70	-4.3	0.479	0.407	9.47	9.41	9.44	15.70	-8.6	0.957	0.437	9.88	9.78	9.85	15.70	15.70	20.00	0.10
2025-06-12/12:08:57 AM	25406	127	M200	-1.0	0.108	0.044	8.88	8.84	8.86	15.70	-0.4	0.044	0.007	8.82	8.78	8.80	15.70	-1.7	0.184	0.111	9.47	9.43	9.44	15.70	-2.5	0.282	0.032	9.88	9.79	9.84	15.70	15.70	20.00	0.10
2025-06-12/12:12:17 AM	25606	128	M200	3.2	-0.356	0.450	8.89	8.85	8.87	15.66	2.9	-0.325	0.425	8.82	8.78	8.81	15.66	1.7	-0.194	0.143	9.48	9.44	9.46	15.66	-3.1	0.346	0.106	9.89	9.81	9.86	15.66	15.66	20.00	0.10
2025-06-12/12:15:37 AM	25806	129	M200	0.1	-0.011	0.000	8.89	8.85	8.87	15.65	0.1	-0.015	0.001	8.82	8.78	8.80	15.65	-0.8	0.090	0.019	9.48	9.43	9.46	15.65	7.2	-0.803	0.292	9.89	9.78	9.83	15.65	15.65	20.00	0.10
2025-06-12/12:18:57 AM	26006	130	M200	1.2	-0.132	0.041	8.88	8.84	8.86	15.64	1.6	-0.179	0.079	8.82	8.77	8.80	15.64	-0.3	0.031	0.002	9.49	9.44	9.46	15.64	13.4	-1.485	0.573	9.88	9.77	9.82	15.64	15.64	20.00	0.10
2025-06-12/12:22:17 AM	26206	131	M200	-1.7	0.194	0.058	8.88	8.83	8.86	15.64	-1.3	0.149	0.032	8.82	8.76	8.79	15.64	-2.5	0.276	0.095	9.49	9.43	9.46	15.64	6.3	-0.705	0.109	9.89	9.75	9.80	15.64	15.64	20.00	0.10
2025-06-12/12:25:37 AM	26406	132	M200	3.0	-0.332	0.245	8.89	8.84	8.87	15.59	2.8	-0.308	0.225	8.82	8.77	8.80	15.59	2.2	-0.247	0.154	9.50	9.45	9.48	15.59	2.9	-0.326	0.173	9.83	9.76	9.80	15.59	15.59	20.00	0.10
2025-06-12/12:28:57 AM	26606	133	M200	-2.5	0.281	0.201	8.88	8.84	8.86	15.59	-2.4	0.262	0.228	8.81	8.77	8.79	15.59	-3.3	0.368	0.282	9.50	9.45	9.47	15.59	-4.5	0.500	0.336	9.84	9.78	9.81	15.59	15.59	20.00	0.10
2025-06-12/12:32:17 AM	26806	134	M200	1.2	-0.134	0.057	8.88	8.84	8.86	15.55	1.5	-0.167	0.099	8.82	8.77	8.79	15.55	0.8	-0.085	0.017	9.51	9.45	9.48	15.55	-15.4	1.712	0.715	9.91	9.78	9.84	15.55	15.55	20.00	0.10
2025-06-12/12:35:37 AM	27006	135	M200	-1.0	0.106	0.041	8.87	8.84	8.86	15.54	-0.6	0.064	0.018	8.80	8.77	8.79	15.54	-1.6	0.181	0.101	9.50	9.46	9.48	15.54	-7.7	0.860	0.170	9.90	9.78	9.85	15.54	15.54	20.00	0.10
2025-06-12/12:38:57 AM	27206	136	M200	10.6	-1.177	0.706	8.87	8.79	8.81	15.64	10.5	-1.165	0.685	8.80	8.71	8.74	15.64	9.8	-1.091	0.628	9.50	9.41	9.44	15.64	4.6	-0.509	0.252	9.89	9.82	9.85	15.64	15.64	20.00	0.10
2025-06-12/12:42:17 AM	27406	137	M200	9.8	-1.085	0.798	8.80	8.73	8.76	15.75	9.5	-1.052	0.749	8.73	8.66	8.69	15.75	9.2	-1.020	0.734	9.44	9.36	9.39	15.75	8.4	-0.936	0.389	9.87	9.76	9.82	15.75	15.75	20.00	0.10
2025-06-12/12:45:37 AM	27606	138	M200	4.9	-0.540	0.740	8.76	8.71	8.73	15.82	5.7	-0.637	0.797	8.68	8.64	8.66	15.82	5.0	-0.560	0.593	9.39	9.33	9.37	15.82	2.0	-0.220	0.097	9.84	9.79	9.81	15.82	15.82	20.00	0.10
2025-06-12/12:48:57 AM	27806	139	M200	-4.5	0.505	0.328	8.77	8.72	8.75	15.75	-3.6	0.403	0.234	8.71	8.65	8.68	15.75	-5.1	0.565	0.349	9.42	9.36	9.40	15.75	-4.4	0.488	0.155	9.88	9.79	9.84	15.75	15.75	20.00	0.10
2025-06-12/12:52:17 AM	28006	140	M200	-1.0	0.110	0.046	8.77	8.73	8.75	15.74	-1.1	0.124	0.066	8.70	8.66	8.68	15.74	-1.8	0.199	0.115	9.43	9.38	9.40	15.74	-8.9	0.986	0.406	9.87	9.77	9.81	15.74	15.74	20.00	0.10
2025-06-12/12:55:37 AM	28206	141	M200	4.0	-0.446	0.297	8.78	8.73	8.76	15.71	4.0	-0.446	0.295	8.71	8.66	8.68	15.71	3.6	-0.404	0.216	9.44	9.39	9.41	15.71	8.0	-0.892	0.506	9.89	9.79	9.85	15.71	15.71	20.00	0.10
2025-06-12/12:58:57 AM	28406	142	M200	-3.6	0.398	0.464	8.78	8.74	8.76	15.69	-4.1	0.450	0.488	8.70	8.66	8.68	15.69	-5.1	0.562	0.545	9.44	9.39	9.42	15.69	-18.2	2.024	0.698	9.88	9.75	9.82	15.69	15.69	20.00	0.10
2025-06-12/1:02:17 AM	28606	143	M200	0.4	-0.045	0.012	8.78	8.75	8.77	15.64	0.2	-0.019	0.002	8.71	8.68	8.69	15.64	-0.9	0.099	0.039	9.46	9.42	9.44	15.64	1.8	-0.197	0.119	9.89	9.85	9.86	15.64	15.64	20.00	0.10
2025-06-12/1:05:37 AM	28806	144	M200	-0.2	0.025	0.006	8.78	8.76	8.77	15.61	-0.7	0.078	0.062	8.71	8.68	8.70	15.61	-2.2	0.247	0.266	9.47	9.42	9.44	15.61	0.8	-0.086	0.020	9.90	9.84	9.87	15.61	15.61	20.00	0.10
2025-06-12/1:08:57 AM	29006	145	M200	3.6	-0.399	0.399	8.78	8.74	8.77	15.60	3.8	-0.424	0.394	8.72	8.66	8.69	15.60	2.6	-0.290	0.190	9.47	9.42	9.45	15.60	2.1	-0.230	0.137	9.90	9.85	9.87	15.60	15.60	20.00	0.10
2025-06-12/1:12:17 AM	29206	146	M200	-2.8	0.311	0.174	8.79	8.72	8.76	15.60	-3.2	0.352	0.191	8.71	8.64	8.68	15.60	-3.8	0.426	0.230	9.48	9.40	9.44	15.60	-11.4	1.270	0.280	9.91	9.77	9.83	15.60	15.60	20.00	0.10
2025-06-12/1:15:37 AM	29406	147	M200	6.0	-0.670	0.685	8.75	8.70	8.72	15.68	5.9	-0.655	0.643	8.68	8.63	8.64	15.68	5.2	-0.581	0.559	9.44	9.38	9.41	15.68	3.4	-0.376	0.179	9.89	9.81	9.84	15.68	15.68	20.00	0.10
2025-06-12/1:18:57 AM	29606	148	M200	3.3	-0.365	0.234	8.71	8.64	8.67	15.79	3.5	-0.392	0.293	8.63	8.57	8.60	15.79	2.5	-0.274	0.131	9.39	9.34	9.36	15.79	2.0	-0.223	0.064	9.85	9.77	9.81	15.79	15.79	20.00	0.10
2025-06-12/1:22:17 AM	29806	149	M200	4.9	-0.549	0.442	8.67	8.62	8.65	15.85	4.8	-0.533	0.442	8.59	8.54	8.57	15.85	3.9	-0.438	0.286	9.37	9.31	9.34	15.85	11.9	-1.318	0.756	9.83	9.75	9.79	15.85	15.85	20.00	0.10
2025-06-12/1:25:37 AM	30006	150	M200	-2.1	0.238	0.092	8.70	8.63	8.67	15.77	-2.4	0.265	0.132	8.61	8.56	8.59	15.77	-3.1	0.350	0.168	9.40	9.33	9.37	15.77	-9.9	1.100	0.553	9.86	9.75	9.80	15.77	15.77	20.00	0.10
2025-06-12/1:28:57 AM	30206	151	M200	0.2	-0.027	0.004	8.70	8.66	8.68	15.72	-0.5	0.059	0.021	8.62	8.59	8.60	15.72	-0.4	0.042	0.008	9.41	9.37	9.39	15.72	2.0	-0.227	0.080	9.87	9.81	9.85	15.72	15.72	20.00	0.10
2025-06-12/1:32:17 AM	30406	152	M200	-2.4	0.270	0.399	8.70	8.67	8.69	15.69	-2.5	0.278	0.461	8.62	8.59	8.61	15.69	-3.8	0.424	0.540	9.42	9.38	9.40	15.69	-1.6	0.178	0.069	9.88	9.82	9.85	15.69	15.69	20.00	0.10
2025-06-12/1:35:37 AM	30606	153	M200	-7.0	0.775	0.751	8.74	8.67	8.70	15.64	-6.9	0.766	0.783	8.65	8.59	8.62	15.64	-8.1	0.897	0.782	9.46	9.39	9.42	15.64	-15.9	1.767	0.726	9.90	9.78	9.82	15.64	15.64	20.00	0.10
2025-06-12/1:38:57 AM	30806	154	M200	3.0	-0.332	0.342	8.75	8.70	8.73	15.54	2.8	-0.315	0.370	8.66	8.62	8.65	15.54	2.2	-0.244	0.197	9.47	9.43	9.46	15.54	8.6	-0.955	0.407	9.93	9.83	9.89	15.54	15.54	20.00	0.10
2025-06-12/1:42:17 AM	31006	155	M200	-0.1	0.011	0.001	8.75	8.70	8.73	15.52	-0.6	0.063	0.018	8.66	8.63	8.65	15.52	-1.8	0.195	0.114	9.49	9.44	9.46	15.52	1.0	-0.109	0.031	9.86	9.81	9.84	15.52	15.52	20.00	0.10
2025-06-12/1:45:37 AM	31206	156	M200	-0.6	0.071	0.038	8.74	8.72	8.73	15.48	-0.1	0.016	0.002	8.67	8.63	8.65	15.48	-1.6	0.173	0.151	9.49	9.46	9.47	15.48	-7.7	0.859	0.385	9.92	9.82	9.85	15.48	15.48	20.00	0.10
2025-06-12/1:48:57 AM	31406	157	M200	8.7	-0.966	0.792	8.73	8.64	8.67	15.62	8.2	-0.910	0.764	8.64	8.56	8.59	15.62	7.7	-0.860	0.684	9.47	9.38	9.42	15.62	6.7	-0.743	0.327	9.92	9.80	9.86	15.62	15.62	20.00	0.10
2025-06-12/1:52:17 AM	31606	158	M200	5.2	-0.576	0.719	8.66	8.61	8.64	15.71	5.5	-0.608	0.745	8.58	8.53	8.55	15.71	4.3	-0.479	0.509	9.41	9.35	9.38	15.71	-1.2	0.139	0.031	9.88	9.82	9.85	15.71	15.71	20.00	0.10
2025-06-12/1:55:37 AM	31806	159	M200	4.2	-0.463	0.471	8.63	8.58	8.60	15.78	4.0	-0.443	0.412	8.55	8.50	8.52	15.78	3.2	-0.354	0.233	9.38	9.33	9.35	15.78	-5.1	0.562	0.444	9.85	9.79	9.82	15.78	15.78	20.00	0.10
2025-06-12/1:58:57 AM	32006	160	M200	-5.3	0.594	0.561	8.65	8.59	8.62	15.70	-5.6	0.625	0.593	8.57	8.50	8.54	15.70	-6.7	0.742	0.620	9.41	9.34	9.39	15.70	-5.1	0.571	0.486	9.89	9.82	9.86	15.70	15.70	20.00	0.10
2025-06-12/2:02:17 AM	32206	161	M200	-0.4	0.040	0.005	8.65	8.61	8.63	15.67	-0.6	0.063	0.014	8.57	8.53	8.55	15.67	-1.9	0.209	0.102	9.42	9.38	9.40	15.67	1.0	-0.110	0.006	9.89	9.81	9.85	15.67	15.67	20.00	0.10
2025-06-12/2:05:37 AM	32406	162	M200	-3.5	0.394	0.467	8.66	8.62	8.64	15.63	-3.5	0.389	0.477	8.58	8.53	8.56	15.63	-4.4	0.494	0.500	9.45	9.39	9.42	15.63	-8.2	0.911	0.573	9.93	9.83	9.88	15.63	15.63	20.00	0.10
2025-06-12/2:08:57 AM	32606	163	M200	-0.7	0.073	0.013	8.66	8.62	8.64	15.61	-0.3	0.029	0.002	8.58	8.53	8.56	15.61	-1.6	0.182	0.077	9.44	9.39	9.42	15.61	6.1	-0.674	0.189	9.91	9.81	9.86	15.61	15.61	20.00	0.10
2025-06-12/2:12:17 AM	32806	164	M200	0.4	-0.043	0.013	8.67	8.64	8.65	15.55	0.4	-0.042	0.013	8.58	8.55	8.57	15.55	0.1	-0.012	0.001	9.46	9.41	9.44	15.55	1.9	-0.206	0.181	9.84	9.80	9.83	15.55	15.55	20.00	0.10
2025-06-12/2:15:37 AM	33006	165	M200	0.6	-0.066	0.028	8.66	8.63	8.65	15.54	0.8	-0.086	0.042	8.58	8.55	8.56	15.54	0.3	-0.032	0.004	9.46	9.42	9.44	15.54	-1.1	0.125	0.018	9.92	9.84	9.89	15.54	15.54	20.00	0.10
2025-06-12/2:18:57 AM	33206	166	M200	12.9	-1.428	0.593	8.66	8.56	8.62	15.59	12.5	-1.387	0.572	8.58	8.47	8.54	15.59	12.8	-1.421	0.540	9.46	9.35	9.42	15.59	17.5	-1.949	0.421	9.92	9.75	9.84	15.59	15.59	20.00	0.10
2025-06-12/2:22:17 AM	33406	167	M200	7.9	-0.878	0.702	8.60	8.53	8.57	15.71	7.9	-0.876	0.738	8.52	8.45	8.49	15.71	7.5	-0.831	0.603	9.40	9.32	9.37	15.71	-4.2	0.467	0.092	9.86	9.76	9.81	15.71	15.71	20.00	0.10
2025-06-12/2:25:37 AM	33606	168	M200	6.7	-0.749	0.600	8.56	8.50	8.54	15.78	6.2	-0.689	0.572	8.48	8.42	8.45	15.78	5.5	-0.613	0.439	9.37	9.31	9.34	15.78	7.9	-0.877	0.522	9.85	9.75	9.80	15.78	15.78	20.00	0.10
2025-06-12/2:28:57 AM	33806	169	M200	-1.1	0.124	0.027	8.54	8.48	8.51	15.84	-1.1	0.120	0.026	8.45	8.40	8.43	15.84	-1.7	0.187	0.052	9.35	9.29	9.32	15.84	-4.4	0.487	0.214	9.87	9.77	9.82	15.84	15.84	20.00	0.10
2025-06-12/2:32:17 AM	34006	170	M200	-1.3	0.149	0.119	8.56	8.52	8.54	15.75	-1.1	0.117	0.076	8.47	8.44	8.45	15.75	-2.2	0.248	0.238	9.37	9.33	9.36	15.75	-0.7	0.082	0.016	9.89	9.81	9.85	15.75	15.75	20.00	0.10
2025-06-12/2:35:37 AM	34206	171	M200	1.3	-0.144	0.095	8.56	8.52	8.54	15.72	0.9	-0.097	0.041	8.48	8.44	8.46	15.72	-0.1	0.012	0.001	9.39	9.34	9.37	15.72	-0.5	0.057	0.010	9.88	9.83	9.86	15.72	15.72	20.00	0.10
2025-06-12/2:38:57 AM	34406	172	M200	-1.9	0.214	0.158	8.56	8.52	8.54	15.72	-1.6	0.177	0.110	8.47	8.43	8.45	15.72	-2.8	0.314	0.225	9.40	9.34	9.37	15.72	-3.0	0.336	0.113	9.89	9.83	9.85	15.72	15.72	20.00	0.10
2025-06-12/2:42:17 AM	34606	173	M200	2.8	-0.315	0.201	8.57	8.52	8.55	15.69	3.2	-0.353	0.247	8.48	8.43	8.46	15.69	2.1	-0.230	0.109	9.40	9.35	9.38	15.69	7.3	-0.808	0.257	9.89	9.79	9.85	15.69	15.69	20.00	0.10
2025-06-12/2:45:37 AM	34806	174	M200	1.9	-0.213	0.072	8.57	8.52	8.55	15.66	1.8	-0.205	0.071	8.49	8.43	8.46	15.66	0.7	-0.075	0.008	9.41	9.36	9.39	15.66	4.5	-0.498	0.082	9.90	9.79	9.85	15.66	15.66	20.00	0.10
2025-06-12/2:48:57 AM	35006	175	M200	1.1	-0.117	0.070	8.58	8.54	8.56	15.60	1.3	-0.145	0.133	8.48	8.45	8.47	15.60	0.6	-0.068	0.020	9.43	9.38	9.41	15.60	0.5	-0.059	0.009	9.91	9.85	9.88	15.60	15.60	20.00	0.10
2025-06-12/2:52:17 AM	35206	176	M200	1.7	-0.189	0.102	8.57	8.53	8.55	15.61	1.7	-0.191	0.130	8.48	8.44	8.46	15.61	0.6	-0.063	0.011	9.42	9.38	9.40	15.61	0.3	-0.037	0.001	9.91	9.81	9.87	15.61	15.61	20.00	0.10
2025-06-12/2:55:37 AM	35406	177	M200	13.7	-1.517	0.729	8.56	8.47	8.51	15.69	13.3	-1.479	0.712	8.48	8.39	8.42	15.69	14.0	-1.551	0.692	9.43	9.32	9.37	15.69	12.6	-1.399	0.531	9.92	9.80	9.85	15.69	15.69	20.00	0.10
2025-06-12/2:58:57 AM	35606	178	M200	7.5	-0.828	0.694	8.50	8.44	8.47	15.79	7.3	-0.814	0.681	8.41	8.34	8.38	15.79	6.1	-0.677	0.532	9.37	9.29	9.33	15.79	3.2	-0.358	0.081	9.86	9.77	9.82	15.79	15.79	20.00	0.10
2025-06-12/3:02:17 AM	35806	179	M200	3.1	-0.344	0.230	8.47	8.42	8.44	15.87	3.3	-0.362	0.270	8.37	8.32	8.35	15.87	2.2	-0.239	0.099	9.33	9.27	9.30	15.87	2.0	-0.217	0.063	9.83	9.76	9.81	15.87	15.87	20.00	0.10
2025-06-12/3:05:37 AM	36006	180	M200	-3.9	0.431	0.425	8.49	8.43	8.46	15.78	-4.1	0.455	0.443	8.39	8.34	8.37	15.78	-5.2	0.576	0.495	9.36	9.29	9.33	15.78	-3.5	0.389	0.220	9.87	9.81	9.85	15.78	15.78	20.00	0.10
2025-06-12/3:08:57 AM	36206	181	M200	-2.3	0.251	0.170	8.49	8.44	8.47	15.76	-2.1	0.228	0.143	8.39	8.35	8.37	15.76	-3.7	0.411	0.316	9.37	9.31	9.34	15.76	-4.5	0.503	0.104	9.88	9.78	9.83	15.76	15.76	20.00	0.10
2025-06-12/3:12:17 AM	36406	182	M200	-0.1	0.016	0.002	8.50	8.46	8.48	15.70	-0.2	0.020	0.003	8.40	8.37	8.39	15.70	-1.7	0.185	0.145	9.38	9.34	9.36	15.70	42.0	-4.663	0.962	9.80	9.53	9.65	15.70	15.70	20.00	0.10
2025-06-12/3:15:37 AM	36606	183	M200	0.6	-0.071	0.040	8.50	8.47	8.48	15.67	0.7	-0.081	0.047	8.41	8.37	8.39	15.67	-0.6	0.064	0.019	9.39	9.35	9.37	15.67	6.6	-0.738	0.675	9.56	9.49	9.52	15.67	15.67	20.00	0.10
2025-06-12/3:18:57 AM	36806	184	M200	-0.4	0.044	0.012	8.50	8.47	8.48	15.65	-0.3	0.031	0.006	8.40	8.37	8.39	15.65	-1.5	0.166	0.089	9.40	9.35	9.38	15.65	1.0	-0.116	0.029	9.52	9.47	9.50	15.65	15.65	20.00	0.10
2025-06-12/3:22:17 AM	37006	185	M200	2.0	-0.221	0.297	8.50	8.46	8.48	15.63	1.6	-0.183	0.209	8.41	8.37	8.39	15.63	0.7	-0.080	0.039	9.40	9.36	9.38	15.63	2.4	-0.271	0.264	9.52	9.48	9.50	15.63	15.63	20.00	0.10
2025-06-12/3:25:37 AM	37206	186	M200	5.4	-0.601	0.219	8.49	8.37	8.47	15.64	5.1	-0.569	0.194	8.40	8.28	8.37	15.64	4.8	-0.538	0.154	9.40	9.27	9.37	15.64	2.9	-0.327	0.053	9.53	9.40	9.49	15.64	15.64	20.00	0.10
2025-06-12/3:28:57 AM	37406	187	M200	3.7	-0.409	0.403	8.44	8.39	8.42	15.77	3.9	-0.436	0.450	8.34	8.29	8.32	15.77	2.5	-0.281	0.200	9.34	9.30	9.32	15.77	17.6	-1.953	0.905	9.46	9.32	9.39	15.77	15.77	20.00	0.10
2025-06-12/3:32:17 AM	37606	188	M200	6.7	-0.739	0.794	8.42	8.35	8.38	15.84	6.2	-0.694	0.711	8.31	8.25	8.29	15.84	5.6	-0.622	0.630	9.32	9.26	9.29	15.84	18.8	-2.091	0.938	9.34	9.21	9.28	15.84	15.84	20.00	0.10
2025-06-12/3:35:37 AM	37806	189	M200	-4.4	0.484	0.254	8.40	8.33	8.36	15.89	-3.7	0.416	0.202	8.30	8.24	8.27	15.89	-5.3	0.590	0.295	9.32	9.24	9.28	15.89	-6.6	0.735	0.330	9.29	9.19	9.23	15.89	15.89	20.00	0.10
2025-06-12/3:38:57 AM	38006	190	M200	-1.2	0.131	0.081	8.41	8.37	8.39	15.78	-1.2	0.131	0.089	8.32	8.28	8.30	15.78	-2.2	0.248	0.196	9.34	9.30	9.32	15.78	-12.5	1.394	0.867	9.36	9.26	9.31	15.78	15.78	20.00	0.10
2025-06-12/3:42:17 AM	38206	191	M200	-0.0	0.002	0.000	8.41	8.38	8.40	15.75	-0.1	0.015	0.002	8.32	8.29	8.30	15.75	-1.0	0.113	0.058	9.35	9.31	9.33	15.75	-11.4	1.268	0.854	9.43	9.34	9.39	15.75	15.75	20.00	0.10
2025-06-12/3:45:37 AM	38406	192	M200	-1.1	0.124	0.080	8.42	8.38	8.40	15.73	-1.0	0.114	0.086	8.32	8.29	8.30	15.73	-2.0	0.225	0.190	9.37	9.32	9.34	15.73	-7.1	0.786	0.715	9.47	9.41	9.44	15.73	15.73	20.00	0.10
2025-06-12/3:48:57 AM	38606	193	M200	0.3	-0.029	0.007	8.41	8.39	8.40	15.70	0.4	-0.041	0.011	8.32	8.29	8.30	15.70	-0.6	0.070	0.022	9.37	9.33	9.35	15.70	-0.9	0.101	0.040	9.48	9.44	9.46	15.70	15.70	20.00	0.10
2025-06-12/3:52:17 AM	38806	194	M200	0.1	-0.017	0.002	8.41	8.38	8.40	15.69	0.7	-0.076	0.031	8.32	8.28	8.30	15.69	0.3	-0.034	0.004	9.37	9.33	9.35	15.69	-4.9	0.547	0.448	9.50	9.44	9.47	15.69	15.69	20.00	0.10
2025-06-12/3:55:37 AM	39006	195	M200	1.2	-0.128	0.082	8.42	8.38	8.40	15.66	1.0	-0.111	0.065	8.32	8.28	8.30	15.66	0.2	-0.017	0.001	9.38	9.34	9.36	15.66	-0.8	0.084	0.020	9.52	9.46	9.49	15.66	15.66	20.00	0.10
2025-06-12/3:58:57 AM	39206	196	M200	7.6	-0.845	0.569	8.42	8.34	8.39	15.67	7.6	-0.842	0.552	8.32	8.24	8.29	15.67	7.2	-0.799	0.452	9.38	9.30	9.35	15.67	6.8	-0.755	0.381	9.51	9.42	9.48	15.67	15.67	20.00	0.10
2025-06-12/4:02:17 AM	39406	197	M200	1.5	-0.171	0.106	8.36	8.31	8.34	15.79	1.9	-0.214	0.168	8.26	8.21	8.24	15.79	1.0	-0.116	0.039	9.32	9.27	9.30	15.79	11.8	-1.313	0.828	9.45	9.34	9.40	15.79	15.79	20.00	0.10
2025-06-12/4:05:37 AM	39606	198	M200	1.7	-0.190	0.199	8.35	8.32	8.33	15.78	1.3	-0.140	0.116	8.25	8.22	8.23	15.78	0.1	-0.008	0.000	9.33	9.28	9.30	15.78	9.4	-1.040	0.780	9.37	9.29	9.33	15.78	15.78	20.00	0.10
2025-06-12/4:08:57 AM	39806	199	M200	3.3	-0.369	0.303	8.33	8.28	8.31	15.84	3.8	-0.427	0.360	8.23	8.18	8.21	15.84	3.1	-0.345	0.232	9.30	9.25	9.28	15.84	7.5	-0.837	0.561	9.30	9.23	9.27	15.84	15.84	20.00	0.10
2025-06-12/4:12:17 AM	40006	200	M200	-0.6	0.069	0.023	8.35	8.31	8.33	15.76	-0.7	0.072	0.031	8.24	8.21	8.23	15.76	-1.8	0.196	0.104	9.34	9.28	9.31	15.76	-8.9	0.991	0.775	9.33	9.25	9.29	15.76	15.76	20.00	0.10
2025-06-12/4:15:37 AM	40206	201	M200	-2.6	0.292	0.370	8.36	8.32	8.33	15.73	-2.0	0.220	0.270	8.25	8.21	8.23	15.73	-3.7	0.411	0.399	9.35	9.30	9.32	15.73	-14.6	1.617	0.890	9.43	9.32	9.37	15.73	15.73	20.00	0.10
2025-06-12/4:18:57 AM	40406	202	M200	-0.8	0.088	0.050	8.36	8.33	8.34	15.69	-0.6	0.064	0.026	8.26	8.22	8.24	15.69	-1.8	0.196	0.169	9.35	9.32	9.34	15.69	-4.0	0.446	0.384	9.47	9.40	9.43	15.69	15.69	20.00	0.10
2025-06-12/4:22:17 AM	40606	203	M200	-1.5	0.162	0.127	8.36	8.33	8.34	15.66	-1.4	0.157	0.127	8.26	8.23	8.24	15.66	-2.8	0.316	0.266	9.37	9.32	9.35	15.66	-2.9	0.320	0.252	9.48	9.43	9.45	15.66	15.66	20.00	0.10
2025-06-12/4:25:37 AM	40806	204	M200	-0.3	0.035	0.003	8.37	8.30	8.35	15.62	0.1	-0.011	0.000	8.27	8.19	8.24	15.62	-0.7	0.081	0.010	9.38	9.29	9.36	15.62	-1.2	0.129	0.027	9.50	9.41	9.47	15.62	15.62	20.00	0.10
2025-06-12/4:28:57 AM	41006	205	M200	7.7	-0.855	0.642	8.34	8.27	8.30	15.74	8.0	-0.886	0.677	8.25	8.17	8.20	15.74	7.3	-0.807	0.542	9.36	9.28	9.31	15.74	18.1	-2.008	0.884	9.48	9.34	9.39	15.74	15.74	20.00	0.10
2025-06-12/4:32:17 AM	41206	206	M200	6.1	-0.677	0.604	8.29	8.23	8.26	15.83	6.0	-0.665	0.611	8.19	8.13	8.16	15.83	5.6	-0.626	0.476	9.31	9.24	9.27	15.83	15.5	-1.724	0.851	9.36	9.23	9.29	15.83	15.83	20.00	0.10
2025-06-12/4:35:37 AM	41406	207	M200	4.0	-0.446	0.392	8.26	8.22	8.24	15.89	3.8	-0.418	0.357	8.16	8.11	8.13	15.89	3.4	-0.380	0.202	9.28	9.22	9.25	15.89	7.0	-0.774	0.512	9.28	9.20	9.24	15.89	15.89	20.00	0.10
2025-06-12/4:38:57 AM	41606	208	M200	-2.0	0.221	0.209	8.28	8.24	8.26	15.80	-1.6	0.182	0.158	8.18	8.14	8.16	15.80	-3.0	0.338	0.241	9.31	9.26	9.29	15.80	-9.5	1.057	0.682	9.31	9.22	9.26	15.80	15.80	20.00	0.10
2025-06-12/4:42:17 AM	41806	209	M200	0.8	-0.091	0.055	8.28	8.24	8.26	15.78	1.2	-0.128	0.083	8.18	8.14	8.16	15.78	-0.2	0.026	0.003	9.32	9.27	9.30	15.78	-10.1	1.123	0.780	9.39	9.28	9.34	15.78	15.78	20.00	0.10
2025-06-12/4:45:37 AM	42006	210	M200	-1.7	0.194	0.209	8.29	8.26	8.27	15.73	-1.4	0.151	0.148	8.18	8.15	8.17	15.73	-2.7	0.300	0.260	9.33	9.29	9.31	15.73	-4.6	0.510	0.398	9.43	9.35	9.39	15.73	15.73	20.00	0.10
2025-06-12/4:48:57 AM	42206	211	M200	1.8	-0.200	0.130	8.29	8.25	8.27	15.71	1.9	-0.215	0.142	8.18	8.14	8.17	15.71	0.9	-0.098	0.023	9.35	9.29	9.32	15.71	-0.8	0.093	0.017	9.44	9.38	9.41	15.71	15.71	20.00	0.10
2025-06-12/4:52:17 AM	42406	212	M200	-2.2	0.244	0.205	8.29	8.24	8.27	15.70	-1.9	0.208	0.189	8.18	8.15	8.16	15.70	-3.6	0.405	0.322	9.36	9.29	9.32	15.70	-1.3	0.149	0.049	9.45	9.39	9.42	15.70	15.70	20.00	0.10
2025-06-12/4:55:37 AM	42606	213	M200	11.5	-1.274	0.704	8.29	8.21	8.26	15.71	11.0	-1.221	0.686	8.19	8.10	8.15	15.71	11.5	-1.279	0.659	9.35	9.26	9.31	15.71	14.2	-1.578	0.652	9.46	9.34	9.41	15.71	15.71	20.00	0.10
2025-06-12/4:58:57 AM	42806	214	M200	3.9	-0.436	0.455	8.24	8.19	8.21	15.81	4.3	-0.472	0.471	8.13	8.08	8.11	15.81	3.2	-0.359	0.224	9.31	9.24	9.27	15.81	16.1	-1.784	0.883	9.37	9.25	9.31	15.81	15.81	20.00	0.10
2025-06-12/5:02:17 AM	43006	215	M200	7.8	-0.867	0.821	8.21	8.15	8.18	15.88	7.4	-0.824	0.787	8.11	8.04	8.08	15.88	7.3	-0.810	0.678	9.29	9.22	9.24	15.88	12.7	-1.410	0.875	9.29	9.19	9.23	15.88	15.88	20.00	0.10
2025-06-12/5:05:37 AM	43206	216	M200	-9.2	1.017	0.704	8.21	8.14	8.18	15.88	-8.3	0.925	0.672	8.11	8.04	8.07	15.88	-10.8	1.204	0.711	9.29	9.20	9.25	15.88	-7.7	0.853	0.555	9.25	9.17	9.21	15.88	15.88	20.00	0.10
2025-06-12/5:08:57 AM	43406	217	M200	-1.5	0.165	0.159	8.22	8.19	8.20	15.79	-1.7	0.184	0.180	8.11	8.08	8.10	15.79	-2.5	0.283	0.219	9.31	9.26	9.28	15.79	-15.5	1.726	0.887	9.33	9.22	9.28	15.79	15.79	20.00	0.10
2025-06-12/5:12:17 AM	43606	218	M200	-0.5	0.059	0.018	8.23	8.19	8.21	15.75	-0.3	0.036	0.007	8.12	8.08	8.10	15.75	-1.5	0.170	0.085	9.32	9.27	9.30	15.75	-8.0	0.891	0.633	9.39	9.30	9.35	15.75	15.75	20.00	0.10
2025-06-12/5:15:37 AM	43806	219	M200	-0.6	0.067	0.020	8.23	8.19	8.21	15.73	0.2	-0.022	0.002	8.12	8.08	8.10	15.73	-1.6	0.183	0.100	9.33	9.28	9.30	15.73	-3.7	0.414	0.321	9.42	9.36	9.39	15.73	15.73	20.00	0.10
2025-06-12/5:18:57 AM	44006	220	M200	-0.7	0.081	0.031	8.23	8.19	8.21	15.69	-0.9	0.102	0.057	8.12	8.09	8.11	15.69	-1.8	0.198	0.112	9.34	9.29	9.31	15.69	-2.5	0.274	0.140	9.45	9.38	9.41	15.69	15.69	20.00	0.10
2025-06-12/5:22:17 AM	44206	221	M200	10.4	-1.159	0.785	8.23	8.15	8.20	15.72	10.9	-1.206	0.789	8.12	8.04	8.09	15.72	10.7	-1.183	0.731	9.34	9.26	9.30	15.72	12.6	-1.399	0.715	9.44	9.34	9.39	15.72	15.72	20.00	0.10
2025-06-12/5:25:37 AM	44406	222	M200	6.4	-0.713	0.711	8.17	8.11	8.14	15.85	6.1	-0.677	0.666	8.07	8.01	8.03	15.85	5.6	-0.618	0.538	9.28	9.22	9.25	15.85	21.9	-2.430	0.940	9.35	9.20	9.27	15.85	15.85	20.00	0.10
2025-06-12/5:28:57 AM	44606	223	M200	1.7	-0.187	0.156	8.14	8.10	8.12	15.90	1.6	-0.183	0.155	8.03	7.99	8.01	15.90	0.5	-0.058	0.012	9.25	9.21	9.23	15.90	8.0	-0.890	0.685	9.23	9.15	9.19	15.90	15.90	20.00	0.10
2025-06-12/5:32:17 AM	44806	224	M200	-6.5	0.718	0.614	8.16	8.10	8.13	15.86	-6.3	0.699	0.599	8.05	7.99	8.02	15.86	-8.7	0.965	0.628	9.28	9.21	9.25	15.86	-9.3	1.035	0.713	9.22	9.15	9.19	15.86	15.86	20.00	0.10
2025-06-12/5:35:37 AM	45006	225	M200	-1.3	0.150	0.101	8.16	8.13	8.15	15.79	-1.9	0.206	0.194	8.06	8.02	8.04	15.79	-2.9	0.317	0.244	9.31	9.24	9.28	15.79	-16.6	1.843	0.892	9.33	9.20	9.27	15.79	15.79	20.00	0.10
2025-06-12/5:38:57 AM	45206	226	M200	-1.0	0.111	0.063	8.16	8.13	8.15	15.78	-1.3	0.141	0.090	8.05	8.02	8.04	15.78	-2.9	0.319	0.259	9.31	9.26	9.28	15.78	-9.5	1.052	0.754	9.39	9.31	9.35	15.78	15.78	20.00	0.10
2025-06-12/5:42:17 AM	45406	227	M200	0.2	-0.024	0.003	8.16	8.12	8.14	15.76	0.5	-0.058	0.018	8.05	8.01	8.03	15.76	-0.7	0.074	0.018	9.31	9.26	9.29	15.76	-6.6	0.733	0.570	9.43	9.35	9.39	15.76	15.76	20.00	0.10
2025-06-12/5:45:37 AM	45606	228	M200	-0.5	0.054	0.020	8.17	8.14	8.15	15.72	-0.8	0.088	0.052	8.06	8.03	8.04	15.72	-2.1	0.237	0.138	9.34	9.28	9.30	15.72	-0.0	0.004	0.000	9.45	9.38	9.41	15.72	15.72	20.00	0.10
2025-06-12/5:48:57 AM	45806	229	M200	-0.4	0.050	0.010	8.17	8.13	8.15	15.68	-0.6	0.069	0.019	8.06	8.02	8.04	15.68	-1.1	0.127	0.040	9.34	9.29	9.31	15.68	-6.8	0.761	0.544	9.47	9.39	9.42	15.68	15.68	20.00	0.10
2025-06-12/5:52:17 AM	46006	230	M200	12.4	-1.382	0.788	8.17	8.08	8.12	15.77	12.4	-1.382	0.791	8.06	7.97	8.01	15.77	13.0	-1.440	0.716	9.34	9.24	9.28	15.77	19.1	-2.127	0.883	9.46	9.33	9.39	15.77	15.77	20.00	0.10
2025-06-12/5:55:37 AM	46206	231	M200	5.5	-0.612	0.640	8.10	8.05	8.07	15.88	5.8	-0.646	0.723	7.99	7.93	7.96	15.88	5.1	-0.567	0.575	9.26	9.20	9.24	15.88	16.0	-1.781	0.897	9.35	9.22	9.29	15.88	15.88	20.00	0.10
2025-06-12/5:58:57 AM	46406	232	M200	4.7	-0.528	0.612	8.07	8.03	8.04	15.95	5.0	-0.550	0.545	7.96	7.91	7.93	15.95	4.0	-0.448	0.339	9.24	9.18	9.21	15.95	7.9	-0.879	0.522	9.27	9.17	9.22	15.95	15.95	20.00	0.10
2025-06-12/6:02:17 AM	46606	233	M200	-12.7	1.407	0.878	8.13	8.04	8.09	15.80	-11.9	1.317	0.875	8.01	7.93	7.97	15.80	-15.6	1.739	0.895	9.33	9.21	9.27	15.80	-19.6	2.181	0.871	9.35	9.21	9.27	15.80	15.80	20.00	0.10
2025-06-12/6:05:37 AM	46806	234	M200	-1.7	0.194	0.212	8.14	8.10	8.12	15.69	-1.7	0.189	0.189	8.02	7.99	8.00	15.69	-2.2	0.246	0.130	9.33	9.28	9.31	15.69	-14.8	1.645	0.856	9.42	9.30	9.37	15.69	15.69	20.00	0.10
2025-06-12/6:08:57 AM	47006	235	M200	-1.0	0.107	0.064	8.14	8.10	8.12	15.66	-0.8	0.093	0.045	8.02	7.99	8.01	15.66	-2.5	0.279	0.202	9.35	9.30	9.32	15.66	-8.2	0.908	0.645	9.47	9.39	9.43	15.66	15.66	20.00	0.10
2025-06-12/6:12:17 AM	47206	236	M200	0.5	-0.054	0.019	8.14	8.11	8.13	15.62	1.0	-0.116	0.068	8.03	7.99	8.01	15.62	-0.6	0.066	0.012	9.36	9.30	9.33	15.62	-2.3	0.260	0.113	9.50	9.43	9.47	15.62	15.62	20.00	0.10
2025-06-12/6:15:37 AM	47406	237	M200	-0.1	0.014	0.001	8.15	8.10	8.13	15.60	0.1	-0.015	0.001	8.03	7.99	8.01	15.60	-1.0	0.116	0.033	9.36	9.31	9.34	15.60	-2.2	0.244	0.126	9.51	9.45	9.48	15.60	15.60	20.00	0.10
2025-06-12/6:18:57 AM	47606	238	M200	6.0	-0.671	0.471	8.14	8.07	8.12	15.60	6.0	-0.665	0.446	8.03	7.95	8.00	15.60	6.1	-0.683	0.374	9.37	9.28	9.34	15.60	6.5	-0.721	0.339	9.53	9.43	9.48	15.60	15.60	20.00	0.10
2025-06-12/6:22:17 AM	47806	239	M200	4.8	-0.529	0.651	8.09	8.03	8.06	15.74	4.5	-0.497	0.687	7.97	7.93	7.95	15.74	4.6	-0.512	0.441	9.31	9.25	9.28	15.74	8.0	-0.889	0.632	9.47	9.37	9.42	15.74	15.74	20.00	0.10
2025-06-12/6:25:37 AM	48006	240	M200	5.7	-0.634	0.720	8.06	8.00	8.03	15.82	5.3	-0.589	0.641	7.94	7.89	7.91	15.82	4.8	-0.531	0.539	9.28	9.22	9.25	15.82	10.8	-1.202	0.660	9.41	9.31	9.36	15.82	15.82	20.00	0.10
2025-06-12/6:28:57 AM	48206	241	M200	-5.7	0.636	0.495	8.05	7.99	8.02	15.83	-5.0	0.556	0.445	7.93	7.88	7.91	15.83	-7.4	0.826	0.499	9.29	9.21	9.25	15.83	-7.1	0.787	0.462	9.39	9.30	9.35	15.83	15.83	20.00	0.10
2025-06-12/6:32:17 AM	48406	242	M200	-0.3	0.032	0.008	8.06	8.02	8.04	15.76	0.0	-0.001	0.000	7.94	7.90	7.92	15.76	-1.2	0.138	0.057	9.31	9.25	9.28	15.76	-18.4	2.049	0.886	9.50	9.36	9.42	15.76	15.76	20.00	0.10
2025-06-12/6:35:37 AM	48606	243	M200	0.8	-0.094	0.053	8.06	8.01	8.03	15.76	1.2	-0.134	0.081	7.94	7.90	7.92	15.76	-0.3	0.036	0.004	9.31	9.25	9.28	15.76	-10.6	1.177	0.701	9.57	9.46	9.52	15.76	15.76	20.00	0.10
2025-06-12/6:38:57 AM	48806	244	M200	0.9	-0.102	0.045	8.06	8.01	8.03	15.74	1.1	-0.117	0.060	7.94	7.90	7.92	15.74	0.6	-0.065	0.010	9.32	9.26	9.29	15.74	-4.1	0.453	0.211	9.60	9.53	9.57	15.74	15.74	20.00	0.10
2025-06-12/6:42:17 AM	49006	245	M200	-1.5	0.163	0.115	8.06	8.01	8.04	15.71	-1.0	0.107	0.053	7.94	7.90	7.92	15.71	-2.2	0.240	0.134	9.33	9.27	9.29	15.71	-3.8	0.418	0.244	9.64	9.55	9.59	15.71	15.71	20.00	0.10
2025-06-12/6:45:37 AM	49206	246	M200	-1.3	0.147	0.096	8.05	8.02	8.04	15.68	-1.8	0.196	0.142	7.94	7.89	7.92	15.68	-3.0	0.328	0.231	9.33	9.27	9.30	15.68	-3.4	0.381	0.177	9.64	9.56	9.61	15.68	15.68	20.00	0.10
2025-06-12/6:48:57 AM	49406	247	M200	0.9	-0.101	0.054	8.06	8.02	8.03	15.66	0.7	-0.072	0.020	7.94	7.89	7.92	15.66	-0.3	0.035	0.003	9.33	9.28	9.31	15.66	4.6	-0.508	0.292	9.64	9.57	9.60	15.66	15.66	20.00	0.10
2025-06-12/6:52:17 AM	49606	248	M200	0.2	-0.022	0.003	8.06	8.02	8.04	15.62	0.0	-0.002	0.000	7.94	7.91	7.92	15.62	-0.9	0.104	0.032	9.34	9.30	9.32	15.62	-1.4	0.159	0.038	9.64	9.57	9.60	15.62	15.62	20.00	0.10
2025-06-12/6:55:37 AM	49806	249	M200	9.1	-1.006	0.669	8.05	7.97	8.02	15.65	9.5	-1.057	0.674	7.94	7.86	7.90	15.65	9.5	-1.054	0.543	9.35	9.25	9.31	15.65	5.6	-0.618	0.228	9.65	9.55	9.61	15.65	15.65	20.00	0.10
2025-06-12/6:58:57 AM	50006	250	M200	4.2	-0.465	0.540	7.99	7.95	7.97	15.78	4.2	-0.466	0.539	7.87	7.83	7.85	15.78	3.4	-0.375	0.293	9.28	9.23	9.25	15.78	15.0	-1.662	0.770	9.61	9.46	9.54	15.78	15.78	20.00	0.10
2025-06-12/7:02:17 AM	50206	251	M200	5.0	-0.558	0.569	7.96	7.91	7.94	15.84	5.1	-0.571	0.613	7.86	7.79	7.82	15.84	4.5	-0.495	0.426	9.26	9.20	9.23	15.84	10.1	-1.121	0.628	9.52	9.41	9.46	15.84	15.84	20.00	0.10
2025-06-12/7:05:37 AM	50406	252	M200	-6.2	0.690	0.603	7.96	7.90	7.93	15.85	-6.1	0.682	0.563	7.84	7.78	7.82	15.85	-8.3	0.927	0.635	9.27	9.18	9.23	15.85	-12.7	1.410	0.667	9.53	9.38	9.45	15.85	15.85	20.00	0.10
2025-06-12/7:08:57 AM	50606	253	M200	-2.1	0.232	0.307	7.97	7.93	7.95	15.79	-2.4	0.263	0.321	7.85	7.81	7.83	15.79	-3.6	0.394	0.312	9.28	9.22	9.25	15.79	-23.5	2.606	0.907	9.65	9.47	9.56	15.79	15.79	20.00	0.10
2025-06-12/7:12:17 AM	50806	254	M200	0.3	-0.037	0.010	7.97	7.93	7.96	15.75	0.5	-0.059	0.024	7.85	7.82	7.84	15.75	-0.3	0.029	0.002	9.30	9.24	9.27	15.75	-14.3	1.588	0.756	9.74	9.62	9.68	15.75	15.75	20.00	0.10
2025-06-12/7:15:37 AM	51006	255	M200	-0.3	0.034	0.011	7.97	7.94	7.95	15.73	-0.4	0.047	0.015	7.86	7.82	7.84	15.73	-1.9	0.212	0.133	9.30	9.25	9.27	15.73	-9.9	1.103	0.634	9.80	9.70	9.75	15.73	15.73	20.00	0.10
2025-06-12/7:18:57 AM	51206	256	M200	0.6	-0.062	0.026	7.97	7.94	7.95	15.72	0.3	-0.032	0.006	7.85	7.81	7.83	15.72	-0.6	0.068	0.012	9.31	9.25	9.28	15.72	-2.4	0.268	0.088	9.82	9.75	9.78	15.72	15.72	20.00	0.10
2025-06-12/7:22:17 AM	51406	257	M200	1.3	-0.143	0.115	7.97	7.94	7.95	15.70	0.9	-0.104	0.046	7.86	7.81	7.83	15.70	0.6	-0.069	0.012	9.31	9.25	9.28	15.70	-3.6	0.404	0.144	9.86	9.76	9.80	15.70	15.70	20.00	0.10
2025-06-12/7:25:37 AM	51606	258	M200	-1.9	0.207	0.266	7.97	7.93	7.95	15.69	-1.7	0.188	0.201	7.84	7.81	7.83	15.69	-3.7	0.406	0.363	9.31	9.26	9.28	15.69	-7.8	0.870	0.481	9.89	9.79	9.84	15.69	15.69	20.00	0.10
2025-06-12/7:28:57 AM	51806	259	M200	1.4	-0.159	0.122	7.96	7.92	7.94	15.66	1.7	-0.193	0.144	7.84	7.80	7.82	15.66	0.5	-0.059	0.009	9.32	9.25	9.29	15.66	-3.8	0.423	0.181	9.93	9.83	9.88	15.66	15.66	20.00	0.10
2025-06-12/7:32:17 AM	52006	260	M200	1.2	-0.136	0.113	7.95	7.92	7.94	15.65	0.8	-0.091	0.043	7.84	7.80	7.82	15.65	0.3	-0.035	0.004	9.31	9.27	9.29	15.65	-3.4	0.381	0.140	9.95	9.86	9.91	15.65	15.65	20.00	0.10
2025-06-12/7:35:37 AM	52206	261	M200	0.4	-0.049	0.014	7.95	7.92	7.94	15.64	0.4	-0.044	0.010	7.84	7.80	7.82	15.64	-0.8	0.085	0.018	9.32	9.27	9.29	15.64	-3.9	0.433	0.173	9.97	9.88	9.93	15.64	15.64	20.00	0.10
2025-06-12/7:38:57 AM	52406	262	M200	-0.9	0.096	0.051	7.95	7.92	7.93	15.63	-0.5	0.056	0.020	7.83	7.79	7.81	15.63	-1.2	0.134	0.055	9.32	9.27	9.29	15.63	-8.6	0.956	0.536	10.01	9.91	9.96	15.63	15.63	20.00	0.10
2025-06-12/7:42:17 AM	52606	263	M200	1.3	-0.141	0.121	7.94	7.91	7.93	15.60	0.7	-0.078	0.043	7.82	7.79	7.81	15.60	-0.2	0.019	0.001	9.32	9.28	9.30	15.60	-3.7	0.408	0.152	10.04	9.95	9.99	15.60	15.60	20.00	0.10
2025-06-12/7:45:37 AM	52806	264	M200	-0.8	0.085	0.038	7.94	7.91	7.93	15.57	-1.2	0.135	0.080	7.83	7.78	7.80	15.57	-1.8	0.203	0.092	9.34	9.28	9.31	15.57	-5.1	0.572	0.259	10.07	9.97	10.02	15.57	15.57	20.00	0.10
2025-06-12/7:48:57 AM	53006	265	M200	2.5	-0.277	0.321	7.94	7.90	7.92	15.57	2.1	-0.235	0.198	7.82	7.77	7.79	15.57	1.8	-0.199	0.100	9.33	9.28	9.30	15.57	-4.7	0.525	0.232	10.09	10.01	10.05	15.57	15.57	20.00	0.10
2025-06-12/7:52:17 AM	53206	266	M200	-0.6	0.070	0.022	7.94	7.90	7.92	15.54	0.1	-0.006	0.000	7.81	7.78	7.80	15.54	-1.3	0.146	0.047	9.34	9.29	9.31	15.54	2.3	-0.252	0.053	10.12	10.02	10.06	15.54	15.54	20.00	0.10
2025-06-12/7:55:37 AM	53406	267	M200	2.3	-0.254	0.239	7.93	7.89	7.91	15.53	2.3	-0.260	0.250	7.81	7.77	7.78	15.53	2.0	-0.223	0.098	9.34	9.28	9.31	15.53	26.1	-2.895	0.019	12.11	7.62	9.99	15.53	15.53	20.00	0.10
2025-06-12/7:58:57 AM	53606	268	M200	12.2	-1.354	0.841	7.92	7.84	7.88	15.60	12.7	-1.407	0.794	7.80	7.71	7.75	15.60	13.0	-1.440	0.716	9.32	9.23	9.28	15.60	215.0	-23.890	0.060	25.28	8.84	10.13	15.60	15.60	20.00	0.10
2025-06-12/8:02:17 AM	53806	269	M200	6.7	-0.749	0.793	7.86	7.79	7.82	15.74	6.4	-0.712	0.752	7.73	7.68	7.70	15.74	6.6	-0.728	0.616	9.26	9.19	9.22	15.74	9.7	-1.076	0.525	9.86	9.74	9.81	15.74	15.74	20.00	0.10
2025-06-12/8:05:37 AM	54006	270	M200	4.7	-0.522	0.531	7.82	7.76	7.79	15.82	5.2	-0.573	0.563	7.70	7.64	7.67	15.82	4.1	-0.457	0.321	9.23	9.16	9.19	15.82	8.5	-0.941	0.369	9.80	9.66	9.74	15.82	15.82	20.00	0.10
2025-06-12/8:08:57 AM	54206	271	M200	-4.8	0.539	0.383	7.81	7.75	7.78	15.83	-4.7	0.518	0.309	7.69	7.63	7.66	15.83	-6.8	0.754	0.420	9.23	9.15	9.19	15.83	-25.1	2.789	0.799	9.84	9.66	9.74	15.83	15.83	20.00	0.10
2025-06-12/8:12:17 AM	54406	272	M200	-0.2	0.018	0.003	7.81	7.78	7.80	15.77	-0.5	0.051	0.020	7.69	7.66	7.67	15.77	-2.4	0.262	0.204	9.25	9.20	9.22	15.77	13.1	-1.451	0.680	9.86	9.75	9.80	15.77	15.77	20.00	0.10
2025-06-12/8:15:37 AM	54606	273	M200	-0.3	0.034	0.011	7.81	7.79	7.80	15.74	0.4	-0.041	0.011	7.69	7.66	7.68	15.74	-1.6	0.175	0.113	9.26	9.21	9.23	15.74	-9.6	1.064	0.707	9.86	9.76	9.82	15.74	15.74	20.00	0.10
2025-06-12/8:18:57 AM	54806	274	M200	0.7	-0.073	0.018	7.81	7.77	7.79	15.74	0.4	-0.039	0.005	7.69	7.64	7.67	15.74	0.1	-0.007	0.000	9.25	9.19	9.23	15.74	-11.6	1.287	0.647	9.94	9.82	9.88	15.74	15.74	20.00	0.10
