Date & time of file creation	2025-06-15 7:15 PM																																	
Data file path	C:\Users\ry1ho\OneDrive\Desktop\Kenauk Respirometry   2024 RH\15 C Respirometry Data 2025\Trial 9 June 15 2025\2025-06-15_BrookTrout_EPOC_15C_Trial9.txt																																	
Raw data file path	C:\Users\ry1ho\OneDrive\Desktop\Kenauk Respirometry   2024 RH\15 C Respirometry Data 2025\Trial 9 June 15 2025\2025-06-15_BrookTrout_EPOC_15C_Trial9_raw.txt																																	
																																		
																																		
Parameter/Chamber	Wet weight [g]	Resp. volume [mL]	Fish length [cm]	Fractional error [%]	Chamber notes																													
Chamber 1	100	900	10																															
Chamber 2	100	900																																
Chamber 3	100	900																																
Chamber 4	100	900																																
																																		
																																		
Date &Time [DD-MM-YYYY/HH:MM:SS]	Time [sec]	Loop	Phase time [s]	CH 1 MO2 [mgO2/kg/hr]	CH 1 slope [mgO2/L/hr]	CH 1 R^2	CH 1 max O2 [mgO2/L]	CH 1 min O2 [mgO2/L]	CH 1 avg O2 [mgO2/L]	CH 1 avg temp [°C]	CH 2 MO2 [mgO2/kg/hr]	CH 2 slope [mgO2/L/hr]	CH 2 R^2	CH 2 max O2 [mgO2/L]	CH 2 min O2 [mgO2/L]	CH 2 avg O2 [mgO2/L]	CH 2 avg temp [°C]	CH 3 MO2 [mgO2/kg/hr]	CH 3 slope [mgO2/L/hr]	CH 3 R^2	CH 3 max O2 [mgO2/L]	CH 3 min O2 [mgO2/L]	CH 3 avg O2 [mgO2/L]	CH 3 avg temp [°C]	CH 4 MO2 [mgO2/kg/hr]	CH 4 slope [mgO2/L/hr]	CH 4 R^2	CH 4 max O2 [mgO2/L]	CH 4 min O2 [mgO2/L]	CH 4 avg O2 [mgO2/L]	CH 4 avg temp [°C]	AMB temp N°1 avg temp [°C]	AMB temp N°1 setpoint [°C]	AMB temp N°1 hysteresis [°C]
2025-06-15/7:19:45 PM	206	1	F300/W1/M200	72.9	-8.096	0.899	10.09	9.63	9.94	15.20	-2.2	0.245	0.174	10.12	10.05	10.08	15.20	-4.1	0.453	0.330	10.11	10.05	10.08	15.20	-1.4	0.158	0.051	10.05	10.00	10.03	15.20	15.20	20.00	0.10
2025-06-15/7:28:06 PM	707	2	F300/W1/M200	138.2	-15.351	0.984	9.73	8.94	9.40	15.12	101.0	-11.218	0.987	10.07	9.46	9.82	15.12	-0.4	0.046	0.007	10.07	10.02	10.05	15.12	1.3	-0.145	0.044	10.04	9.98	10.01	15.12	15.13	20.00	0.10
2025-06-15/7:36:27 PM	1208	3	F300/W1/M200	134.0	-14.889	0.973	9.64	8.88	9.34	15.01	111.2	-12.355	0.958	9.72	9.09	9.48	15.01	43.3	-4.813	0.741	10.00	9.68	9.91	15.01	3.4	-0.373	0.273	10.03	9.97	10.00	15.01	15.04	20.00	0.10
2025-06-15/7:44:48 PM	1709	4	F300/W1/M200	141.1	-15.681	0.978	9.59	8.80	9.27	15.05	117.4	-13.047	0.966	9.62	8.94	9.35	15.05	108.7	-12.082	0.985	9.74	9.09	9.47	15.05	2.4	-0.261	0.133	9.98	9.92	9.95	15.05	15.03	20.00	0.10
2025-06-15/7:53:09 PM	2210	5	F300/W1/M200	136.3	-15.144	0.977	9.50	8.71	9.18	15.11	114.1	-12.676	0.958	9.51	8.85	9.26	15.11	122.8	-13.640	0.970	9.58	8.88	9.30	15.11	2.3	-0.254	0.145	9.94	9.88	9.90	15.11	15.09	20.00	0.10
2025-06-15/8:01:30 PM	2711	6	F300/W1/M200	132.0	-14.667	0.978	9.42	8.68	9.12	15.18	124.9	-13.874	0.969	9.47	8.75	9.19	15.18	122.5	-13.615	0.972	9.50	8.82	9.23	15.18	1.9	-0.208	0.117	9.88	9.83	9.85	15.18	15.16	20.00	0.10
2025-06-15/8:09:51 PM	3212	7	F300/W1/M200	122.6	-13.627	0.976	9.35	8.66	9.07	15.26	107.0	-11.889	0.957	9.34	8.73	9.11	15.26	118.4	-13.156	0.969	9.44	8.77	9.17	15.26	3.0	-0.334	0.240	9.83	9.77	9.80	15.26	15.23	20.00	0.10
2025-06-15/8:18:12 PM	3713	8	F300/W1/M200	116.5	-12.949	0.968	9.35	8.67	9.09	15.33	94.5	-10.499	0.942	9.30	8.72	9.09	15.33	109.3	-12.143	0.966	9.39	8.77	9.15	15.33	4.3	-0.479	0.432	9.78	9.71	9.74	15.33	15.30	20.00	0.10
2025-06-15/8:26:33 PM	4214	9	F300/W1/M200	93.8	-10.428	0.965	9.33	8.79	9.12	15.39	112.8	-12.529	0.963	9.23	8.58	8.98	15.39	101.4	-11.265	0.968	9.36	8.76	9.13	15.39	2.3	-0.253	0.166	9.71	9.66	9.69	15.39	15.37	20.00	0.10
2025-06-15/8:34:54 PM	4715	10	F300/W1/M200	100.9	-11.209	0.941	9.29	8.69	9.09	15.33	91.1	-10.119	0.955	9.21	8.69	9.01	15.33	103.3	-11.477	0.963	9.31	8.71	9.08	15.33	2.7	-0.295	0.245	9.70	9.64	9.67	15.33	15.35	20.00	0.10
2025-06-15/8:43:15 PM	5216	11	F300/W1/M200	127.9	-14.209	0.959	9.20	8.48	8.93	15.25	73.9	-8.217	0.940	9.21	8.78	9.05	15.25	101.7	-11.305	0.959	9.26	8.68	9.04	15.25	2.2	-0.241	0.156	9.68	9.62	9.65	15.25	15.27	20.00	0.10
2025-06-15/8:51:36 PM	5717	12	F300/W1/M200	98.3	-10.921	0.962	9.19	8.61	8.96	15.16	62.1	-6.896	0.943	9.20	8.83	9.06	15.16	100.0	-11.112	0.963	9.23	8.65	9.00	15.16	1.4	-0.150	0.101	9.65	9.62	9.63	15.16	15.18	20.00	0.10
2025-06-15/8:59:57 PM	6218	13	F300/W1/M200	112.1	-12.458	0.985	9.08	8.46	8.82	15.07	49.9	-5.542	0.938	9.21	8.90	9.09	15.07	100.1	-11.125	0.959	9.20	8.62	8.98	15.07	0.7	-0.082	0.022	9.65	9.59	9.62	15.07	15.10	20.00	0.10
2025-06-15/9:08:18 PM	6719	14	F300/W1/M200	93.7	-10.412	0.987	9.13	8.60	8.90	15.16	47.8	-5.312	0.956	9.22	8.94	9.11	15.16	107.7	-11.963	0.965	9.21	8.59	8.97	15.16	2.9	-0.328	0.368	9.61	9.55	9.58	15.16	15.12	20.00	0.10
2025-06-15/9:16:39 PM	7220	15	F300/W1/M200	49.9	-5.547	0.973	9.24	8.93	9.11	15.23	43.3	-4.806	0.939	9.25	8.97	9.14	15.23	102.7	-11.414	0.965	9.19	8.60	8.96	15.23	0.3	-0.034	0.006	9.54	9.50	9.52	15.23	15.23	20.00	0.10
2025-06-15/9:25:00 PM	7721	16	F300/W1/M200	43.0	-4.776	0.972	9.26	9.01	9.16	15.15	98.3	-10.920	0.960	9.19	8.61	8.97	15.15	106.6	-11.846	0.953	9.21	8.59	8.98	15.15	2.8	-0.316	0.315	9.54	9.49	9.51	15.15	15.17	20.00	0.10
2025-06-15/9:33:21 PM	8222	17	F300/W1/M200	103.9	-11.548	0.971	9.31	8.70	9.08	15.24	112.5	-12.503	0.954	9.12	8.46	8.88	15.24	93.5	-10.393	0.975	9.23	8.69	9.01	15.24	2.5	-0.283	0.265	9.51	9.46	9.48	15.24	15.19	20.00	0.10
2025-06-15/9:41:42 PM	8723	18	F300/W1/M200	134.9	-14.986	0.986	9.12	8.34	8.80	15.31	106.3	-11.815	0.960	9.07	8.46	8.84	15.31	91.8	-10.197	0.976	9.25	8.71	9.04	15.31	0.5	-0.060	0.017	9.44	9.41	9.43	15.31	15.31	20.00	0.10
2025-06-15/9:50:03 PM	9224	19	F300/W1/M200	80.3	-8.926	0.956	9.12	8.66	8.94	15.21	118.4	-13.160	0.961	9.01	8.34	8.76	15.21	104.6	-11.621	0.964	9.18	8.58	8.95	15.21	3.9	-0.438	0.229	9.45	9.34	9.42	15.21	15.23	20.00	0.10
2025-06-15/9:58:24 PM	9725	20	F300/W1/M200	71.8	-7.973	0.955	9.08	8.66	8.92	15.24	102.8	-11.417	0.980	9.03	8.48	8.79	15.24	115.3	-12.806	0.979	9.13	8.44	8.85	15.24	3.2	-0.353	0.420	9.43	9.38	9.40	15.24	15.20	20.00	0.10
2025-06-15/10:06:45 PM	10226	21	F300/W1/M200	109.4	-12.153	0.951	9.07	8.45	8.84	15.31	73.7	-8.191	0.987	9.01	8.58	8.82	15.31	121.1	-13.461	0.977	9.09	8.41	8.81	15.31	1.0	-0.111	0.046	9.37	9.33	9.35	15.31	15.31	20.00	0.10
2025-06-15/10:15:06 PM	10727	22	F300/W1/M200	93.6	-10.395	0.968	9.07	8.51	8.86	15.20	32.9	-3.650	0.948	9.15	8.95	9.07	15.20	103.7	-11.525	0.963	9.14	8.56	8.91	15.20	2.9	-0.317	0.345	9.37	9.33	9.35	15.20	15.23	20.00	0.10
2025-06-15/10:23:27 PM	11228	23	F300/W1/M200	106.9	-11.877	0.949	9.08	8.49	8.86	15.23	34.7	-3.858	0.962	9.18	8.98	9.10	15.23	102.7	-11.415	0.958	9.11	8.53	8.89	15.23	2.7	-0.297	0.387	9.36	9.31	9.34	15.23	15.20	20.00	0.10
2025-06-15/10:31:48 PM	11729	24	F300/W1/M200	47.8	-5.310	0.963	9.17	8.89	9.06	15.33	30.6	-3.396	0.904	9.17	8.98	9.11	15.33	127.3	-14.149	0.972	9.07	8.36	8.79	15.33	2.6	-0.292	0.286	9.31	9.27	9.29	15.33	15.31	20.00	0.10
2025-06-15/10:40:09 PM	12230	25	F300/W1/M200	41.1	-4.571	0.961	9.20	8.96	9.10	15.22	97.2	-10.797	0.961	9.04	8.47	8.83	15.22	73.4	-8.159	0.956	9.11	8.70	8.95	15.22	1.7	-0.184	0.164	9.32	9.27	9.29	15.22	15.25	20.00	0.10
2025-06-15/10:48:30 PM	12731	26	F300/W1/M200	48.2	-5.359	0.963	9.22	8.92	9.10	15.24	50.4	-5.597	0.900	9.17	8.85	9.07	15.24	75.3	-8.365	0.964	9.23	8.80	9.06	15.24	2.0	-0.221	0.212	9.31	9.27	9.29	15.24	15.21	20.00	0.10
2025-06-15/10:56:51 PM	13232	27	F300/W1/M200	47.0	-5.220	0.959	9.23	8.95	9.12	15.33	92.6	-10.286	0.975	9.04	8.50	8.84	15.33	60.4	-6.712	0.985	9.28	8.92	9.13	15.33	0.4	-0.040	0.006	9.27	9.22	9.25	15.33	15.32	20.00	0.10
2025-06-15/11:05:12 PM	13733	28	F300/W1/M200	70.0	-7.776	0.965	9.17	8.77	9.01	15.17	89.6	-9.953	0.976	9.05	8.55	8.84	15.17	62.1	-6.903	0.970	9.27	8.90	9.12	15.17	1.3	-0.139	0.102	9.31	9.27	9.28	15.17	15.21	20.00	0.10
2025-06-15/11:13:33 PM	14234	29	F300/W1/M200	49.2	-5.468	0.964	9.24	8.96	9.13	15.16	85.8	-9.528	0.955	9.08	8.57	8.89	15.16	42.6	-4.732	0.963	9.26	9.01	9.17	15.16	0.1	-0.010	0.000	9.30	9.26	9.28	15.16	15.16	20.00	0.10
2025-06-15/11:21:54 PM	14735	30	F300/W1/M200	48.5	-5.389	0.970	9.26	8.98	9.15	15.14	33.6	-3.733	0.874	9.16	8.94	9.08	15.14	56.2	-6.248	0.950	9.31	8.98	9.18	15.14	0.4	-0.040	0.011	9.29	9.26	9.28	15.14	15.15	20.00	0.10
2025-06-15/11:30:15 PM	15236	31	F300/W1/M200	46.6	-5.178	0.964	9.29	9.01	9.18	15.12	63.8	-7.085	0.977	9.15	8.79	9.00	15.12	72.0	-7.995	0.959	9.31	8.89	9.15	15.12	-0.6	0.070	0.028	9.30	9.26	9.28	15.12	15.13	20.00	0.10
2025-06-15/11:38:36 PM	15737	32	F300/W1/M200	45.7	-5.075	0.957	9.32	9.05	9.21	15.10	29.2	-3.249	0.929	9.29	9.10	9.22	15.10	99.5	-11.055	0.977	9.27	8.67	9.04	15.10	-0.3	0.029	0.005	9.30	9.26	9.28	15.10	15.11	20.00	0.10
2025-06-15/11:46:57 PM	16238	33	F300/W1/M200	45.6	-5.064	0.961	9.34	9.08	9.23	15.08	24.3	-2.696	0.883	9.31	9.15	9.26	15.08	45.6	-5.071	0.940	9.37	9.10	9.26	15.08	-0.5	0.055	0.018	9.30	9.27	9.28	15.08	15.09	20.00	0.10
2025-06-15/11:55:18 PM	16739	34	F300/W1/M200	44.3	-4.926	0.956	9.37	9.11	9.27	15.06	28.9	-3.213	0.908	9.36	9.19	9.29	15.06	39.4	-4.381	0.929	9.42	9.18	9.33	15.06	-0.4	0.043	0.008	9.31	9.27	9.29	15.06	15.07	20.00	0.10
2025-06-16/12:03:39 AM	17240	35	F300/W1/M200	44.0	-4.892	0.949	9.41	9.15	9.30	15.04	26.2	-2.907	0.859	9.39	9.21	9.33	15.04	51.9	-5.769	0.960	9.45	9.14	9.32	15.04	-0.5	0.059	0.016	9.32	9.28	9.30	15.04	15.05	20.00	0.10
2025-06-16/12:12:00 AM	17741	36	F300/W1/M200	46.8	-5.198	0.956	9.44	9.16	9.33	15.01	87.5	-9.723	0.964	9.31	8.79	9.11	15.01	73.0	-8.110	0.936	9.45	8.99	9.29	15.01	-0.3	0.034	0.006	9.33	9.29	9.31	15.01	15.02	20.00	0.10
2025-06-16/12:20:21 AM	18242	37	F300/W1/M200	49.0	-5.443	0.959	9.43	9.14	9.32	14.99	112.9	-12.544	0.961	9.22	8.55	8.97	14.99	95.6	-10.620	0.960	9.35	8.77	9.13	14.99	-0.7	0.079	0.033	9.34	9.30	9.32	14.99	15.00	20.00	0.10
2025-06-16/12:28:42 AM	18743	38	F300/W1/M200	47.9	-5.317	0.965	9.42	9.13	9.30	14.97	51.8	-5.758	0.920	9.28	8.98	9.17	14.97	63.1	-7.006	0.946	9.39	9.01	9.25	14.97	-0.5	0.055	0.017	9.34	9.31	9.32	14.97	14.98	20.00	0.10
2025-06-16/12:37:03 AM	19244	39	F300/W1/M200	51.8	-5.758	0.948	9.42	9.12	9.30	15.05	30.5	-3.385	0.920	9.39	9.19	9.31	15.05	52.5	-5.838	0.950	9.45	9.12	9.33	15.05	0.8	-0.091	0.040	9.33	9.29	9.31	15.05	15.02	20.00	0.10
2025-06-16/12:45:24 AM	19745	40	F300/W1/M200	55.8	-6.198	0.963	9.43	9.11	9.30	15.18	29.4	-3.265	0.922	9.42	9.24	9.35	15.18	51.8	-5.754	0.967	9.52	9.22	9.39	15.18	0.5	-0.057	0.015	9.31	9.27	9.29	15.18	15.14	20.00	0.10
2025-06-16/12:53:45 AM	20246	41	F300/W1/M200	47.7	-5.298	0.949	9.46	9.17	9.35	15.32	28.2	-3.129	0.898	9.44	9.26	9.38	15.32	46.8	-5.203	0.947	9.52	9.24	9.41	15.32	1.1	-0.124	0.046	9.29	9.24	9.27	15.32	15.27	20.00	0.10
2025-06-16/1:02:06 AM	20747	42	F300/W1/M200	47.0	-5.219	0.956	9.47	9.19	9.36	15.42	28.5	-3.165	0.957	9.51	9.33	9.44	15.42	41.9	-4.660	0.934	9.50	9.24	9.40	15.42	-0.8	0.092	0.037	9.27	9.23	9.25	15.42	15.40	20.00	0.10
2025-06-16/1:10:27 AM	21248	43	F300/W1/M200	54.7	-6.075	0.959	9.48	9.18	9.36	15.40	25.5	-2.836	0.911	9.49	9.33	9.43	15.40	47.9	-5.326	0.936	9.52	9.21	9.41	15.40	-0.9	0.103	0.038	9.28	9.24	9.26	15.40	15.41	20.00	0.10
2025-06-16/1:18:48 AM	21749	44	F300/W1/M200	47.3	-5.253	0.959	9.49	9.22	9.38	15.37	28.4	-3.155	0.899	9.51	9.33	9.45	15.37	49.1	-5.453	0.955	9.53	9.23	9.41	15.37	-0.7	0.076	0.020	9.30	9.26	9.28	15.37	15.38	20.00	0.10
2025-06-16/1:27:09 AM	22250	45	F300/W1/M200	44.8	-4.983	0.951	9.51	9.25	9.41	15.33	28.8	-3.202	0.943	9.53	9.35	9.45	15.33	49.1	-5.454	0.948	9.56	9.26	9.44	15.33	-0.4	0.046	0.008	9.32	9.27	9.29	15.33	15.34	20.00	0.10
2025-06-16/1:35:30 AM	22751	46	F300/W1/M200	42.0	-4.664	0.944	9.52	9.25	9.43	15.30	24.7	-2.746	0.912	9.54	9.38	9.48	15.30	34.0	-3.778	0.931	9.58	9.36	9.49	15.30	-1.2	0.138	0.065	9.33	9.28	9.31	15.30	15.31	20.00	0.10
2025-06-16/1:43:51 AM	23252	47	F300/W1/M200	43.6	-4.848	0.957	9.55	9.30	9.45	15.26	24.4	-2.708	0.897	9.54	9.38	9.48	15.26	50.9	-5.658	0.929	9.61	9.29	9.49	15.26	-0.7	0.077	0.028	9.34	9.30	9.32	15.26	15.28	20.00	0.10
2025-06-16/1:52:12 AM	23753	48	F300/W1/M200	45.1	-5.013	0.956	9.56	9.29	9.45	15.23	25.8	-2.871	0.931	9.59	9.43	9.53	15.23	32.7	-3.634	0.927	9.61	9.41	9.53	15.23	-0.6	0.064	0.014	9.36	9.32	9.34	15.23	15.24	20.00	0.10
2025-06-16/2:00:33 AM	24254	49	F300/W1/M200	50.3	-5.589	0.951	9.58	9.28	9.46	15.19	27.8	-3.085	0.905	9.60	9.42	9.52	15.19	33.6	-3.731	0.925	9.64	9.43	9.56	15.19	-0.5	0.053	0.008	9.39	9.34	9.36	15.19	15.21	20.00	0.10
2025-06-16/2:08:54 AM	24755	50	F300/W1/M200	46.5	-5.169	0.943	9.58	9.30	9.48	15.16	24.7	-2.740	0.929	9.61	9.44	9.54	15.16	54.0	-5.995	0.970	9.65	9.32	9.52	15.16	-0.8	0.084	0.020	9.40	9.35	9.37	15.16	15.17	20.00	0.10
2025-06-16/2:17:15 AM	25256	51	F300/W1/M200	49.3	-5.474	0.948	9.60	9.31	9.49	15.13	22.8	-2.539	0.906	9.61	9.45	9.55	15.13	33.4	-3.707	0.934	9.67	9.47	9.59	15.13	-0.8	0.090	0.024	9.41	9.36	9.39	15.13	15.14	20.00	0.10
2025-06-16/2:25:36 AM	25757	52	F300/W1/M200	53.5	-5.946	0.953	9.62	9.30	9.49	15.09	26.1	-2.898	0.908	9.62	9.45	9.56	15.09	31.6	-3.513	0.933	9.68	9.49	9.61	15.09	-0.6	0.067	0.016	9.43	9.38	9.41	15.09	15.10	20.00	0.10
2025-06-16/2:33:57 AM	26258	53	F300/W1/M200	56.4	-6.261	0.947	9.61	9.28	9.48	15.05	27.2	-3.019	0.894	9.65	9.46	9.58	15.05	32.6	-3.627	0.927	9.71	9.50	9.63	15.05	-1.1	0.121	0.043	9.45	9.40	9.42	15.05	15.07	20.00	0.10
2025-06-16/2:42:18 AM	26759	54	F300/W1/M200	53.4	-5.935	0.961	9.62	9.31	9.50	15.02	39.6	-4.398	0.911	9.65	9.39	9.57	15.02	35.5	-3.949	0.936	9.68	9.47	9.60	15.02	-1.1	0.122	0.036	9.47	9.41	9.44	15.02	15.03	20.00	0.10
2025-06-16/2:50:39 AM	27260	55	F300/W1/M200	49.4	-5.493	0.944	9.63	9.34	9.52	14.99	21.3	-2.371	0.872	9.63	9.49	9.58	14.99	32.8	-3.642	0.921	9.72	9.51	9.64	14.99	-1.2	0.137	0.056	9.48	9.42	9.45	14.99	15.00	20.00	0.10
2025-06-16/2:59:00 AM	27761	56	F300/W1/M200	45.3	-5.036	0.946	9.67	9.41	9.57	15.00	28.7	-3.188	0.944	9.68	9.51	9.61	15.00	36.3	-4.029	0.926	9.76	9.53	9.67	15.00	-0.2	0.019	0.001	9.48	9.43	9.46	15.00	14.99	20.00	0.10
2025-06-16/3:07:21 AM	28262	57	F300/W1/M200	45.6	-5.067	0.974	9.70	9.44	9.59	15.11	58.2	-6.470	0.951	9.69	9.34	9.55	15.11	32.6	-3.626	0.923	9.77	9.55	9.68	15.11	-0.1	0.009	0.000	9.47	9.42	9.44	15.11	15.08	20.00	0.10
2025-06-16/3:15:42 AM	28763	58	F300/W1/M200	45.5	-5.060	0.955	9.67	9.39	9.56	15.18	23.4	-2.604	0.883	9.65	9.47	9.58	15.18	31.8	-3.536	0.937	9.76	9.56	9.68	15.18	-1.3	0.143	0.057	9.45	9.40	9.43	15.18	15.17	20.00	0.10
2025-06-16/3:24:03 AM	29264	59	F300/W1/M200	54.7	-6.075	0.962	9.66	9.33	9.53	15.15	28.2	-3.139	0.924	9.64	9.47	9.57	15.15	35.6	-3.954	0.937	9.74	9.51	9.65	15.15	-1.6	0.180	0.118	9.47	9.42	9.45	15.15	15.17	20.00	0.10
2025-06-16/3:32:24 AM	29765	60	F300/W1/M200	48.7	-5.408	0.959	9.68	9.38	9.56	15.12	24.7	-2.739	0.918	9.66	9.52	9.61	15.12	30.7	-3.412	0.916	9.75	9.55	9.67	15.12	-0.6	0.063	0.012	9.48	9.44	9.46	15.12	15.13	20.00	0.10
2025-06-16/3:40:45 AM	30266	61	F300/W1/M200	42.8	-4.758	0.941	9.68	9.42	9.58	15.08	22.6	-2.508	0.896	9.69	9.54	9.63	15.08	33.1	-3.680	0.918	9.76	9.55	9.68	15.08	-0.3	0.030	0.003	9.50	9.45	9.48	15.08	15.09	20.00	0.10
2025-06-16/3:49:06 AM	30767	62	F300/W1/M200	49.6	-5.506	0.960	9.69	9.41	9.57	15.04	20.9	-2.322	0.869	9.70	9.55	9.64	15.04	74.7	-8.296	0.965	9.71	9.26	9.53	15.04	-1.3	0.143	0.054	9.52	9.47	9.50	15.04	15.05	20.00	0.10
2025-06-16/3:57:27 AM	31268	63	F300/W1/M200	43.5	-4.832	0.949	9.70	9.44	9.60	15.00	24.4	-2.709	0.903	9.69	9.53	9.63	15.00	39.3	-4.371	0.926	9.73	9.48	9.64	15.00	-0.2	0.025	0.002	9.54	9.49	9.51	15.00	15.02	20.00	0.10
2025-06-16/4:05:48 AM	31769	64	F300/W1/M200	47.1	-5.229	0.948	9.69	9.41	9.58	14.97	23.8	-2.645	0.902	9.72	9.56	9.66	14.97	35.6	-3.957	0.925	9.77	9.54	9.68	14.97	-0.5	0.057	0.008	9.55	9.50	9.52	14.97	14.98	20.00	0.10
2025-06-16/4:14:09 AM	32270	65	F300/W1/M200	48.8	-5.422	0.949	9.70	9.40	9.59	15.02	26.3	-2.918	0.881	9.71	9.54	9.65	15.02	75.2	-8.357	0.957	9.74	9.28	9.56	15.02	0.8	-0.093	0.026	9.55	9.49	9.52	15.02	14.98	20.00	0.10
2025-06-16/4:22:30 AM	32771	66	F300/W1/M200	59.2	-6.574	0.962	9.71	9.36	9.57	15.27	34.8	-3.865	0.933	9.72	9.51	9.63	15.27	36.6	-4.062	0.933	9.79	9.57	9.70	15.27	1.5	-0.164	0.086	9.49	9.45	9.47	15.27	15.20	20.00	0.10
2025-06-16/4:30:51 AM	33272	67	F300/W1/M200	59.5	-6.617	0.958	9.68	9.32	9.54	15.32	25.1	-2.787	0.926	9.71	9.55	9.65	15.32	29.5	-3.283	0.912	9.77	9.58	9.70	15.32	-1.1	0.126	0.050	9.48	9.44	9.46	15.32	15.32	20.00	0.10
2025-06-16/4:39:12 AM	33773	68	F300/W1/M200	61.4	-6.823	0.965	9.61	9.26	9.47	15.28	21.9	-2.429	0.906	9.69	9.54	9.63	15.28	33.0	-3.672	0.932	9.77	9.57	9.69	15.28	-0.5	0.053	0.011	9.50	9.46	9.48	15.28	15.29	20.00	0.10
2025-06-16/4:47:33 AM	34274	69	F300/W1/M200	50.9	-5.651	0.961	9.68	9.38	9.56	15.24	26.4	-2.938	0.962	9.72	9.56	9.66	15.24	33.3	-3.700	0.916	9.76	9.55	9.68	15.24	-1.0	0.112	0.043	9.51	9.46	9.49	15.24	15.25	20.00	0.10
2025-06-16/4:55:54 AM	34775	70	F300/W1/M200	47.9	-5.324	0.955	9.69	9.42	9.58	15.20	62.4	-6.932	0.892	9.68	9.30	9.56	15.20	55.3	-6.145	0.932	9.74	9.40	9.62	15.20	-1.0	0.108	0.045	9.53	9.47	9.50	15.20	15.21	20.00	0.10
2025-06-16/5:04:15 AM	35276	71	F300/W1/M200	44.8	-4.983	0.970	9.68	9.41	9.57	15.15	64.8	-7.203	0.918	9.60	9.20	9.46	15.15	105.0	-11.668	0.959	9.65	9.05	9.42	15.15	-0.9	0.098	0.042	9.54	9.49	9.52	15.15	15.17	20.00	0.10
2025-06-16/5:12:36 AM	35777	72	F300/W1/M200	44.6	-4.952	0.974	9.65	9.39	9.54	15.11	53.0	-5.885	0.956	9.58	9.26	9.46	15.11	96.0	-10.670	0.948	9.61	9.02	9.39	15.11	-1.8	0.197	0.121	9.55	9.50	9.52	15.11	15.13	20.00	0.10
2025-06-16/5:20:57 AM	36278	73	F300/W1/M200	46.5	-5.168	0.968	9.66	9.39	9.55	15.07	87.7	-9.743	0.947	9.58	9.06	9.39	15.07	118.4	-13.159	0.973	9.61	8.93	9.34	15.07	-0.4	0.045	0.007	9.55	9.51	9.53	15.07	15.08	20.00	0.10
2025-06-16/5:29:18 AM	36779	74	F300/W1/M200	45.8	-5.088	0.972	9.65	9.37	9.54	15.03	22.2	-2.472	0.825	9.56	9.40	9.50	15.03	98.2	-10.914	0.973	9.53	8.95	9.29	15.03	-0.9	0.097	0.036	9.56	9.52	9.54	15.03	15.04	20.00	0.10
2025-06-16/5:37:39 AM	37280	75	F300/W1/M200	47.3	-5.252	0.973	9.65	9.36	9.53	14.99	39.4	-4.374	0.851	9.60	9.33	9.51	14.99	65.2	-7.241	0.874	9.63	9.22	9.51	14.99	-0.3	0.030	0.004	9.56	9.53	9.54	14.99	15.00	20.00	0.10
2025-06-16/5:46:00 AM	37781	76	F300/W1/M200	46.7	-5.188	0.963	9.66	9.38	9.55	14.95	63.7	-7.073	0.966	9.55	9.17	9.40	14.95	52.4	-5.823	0.897	9.64	9.32	9.54	14.95	-1.1	0.120	0.061	9.57	9.53	9.55	14.95	14.97	20.00	0.10
2025-06-16/5:54:21 AM	38282	77	F300/W1/M200	52.6	-5.844	0.965	9.67	9.36	9.55	14.96	42.2	-4.693	0.897	9.58	9.32	9.49	14.96	45.1	-5.010	0.916	9.63	9.35	9.53	14.96	0.8	-0.093	0.032	9.58	9.53	9.55	14.96	14.95	20.00	0.10
2025-06-16/6:02:42 AM	38783	78	F300/W1/M200	59.1	-6.564	0.976	9.68	9.34	9.54	15.08	35.2	-3.916	0.862	9.61	9.37	9.53	15.08	48.2	-5.356	0.923	9.68	9.39	9.57	15.08	1.5	-0.165	0.102	9.54	9.50	9.52	15.08	15.05	20.00	0.10
2025-06-16/6:11:03 AM	39284	79	F300/W1/M200	52.5	-5.836	0.978	9.67	9.37	9.54	15.20	52.0	-5.782	0.940	9.56	9.26	9.45	15.20	97.1	-10.784	0.940	9.66	9.09	9.45	15.20	-0.0	0.004	0.000	9.52	9.47	9.50	15.20	15.17	20.00	0.10
2025-06-16/6:19:24 AM	39785	80	F300/W1/M200	56.6	-6.283	0.981	9.66	9.34	9.53	15.32	28.0	-3.109	0.845	9.57	9.38	9.51	15.32	44.2	-4.913	0.928	9.61	9.34	9.51	15.32	1.3	-0.149	0.091	9.49	9.44	9.47	15.32	15.29	20.00	0.10
2025-06-16/6:27:45 AM	40286	81	F300/W1/M200	52.6	-5.843	0.976	9.64	9.34	9.52	15.31	20.6	-2.288	0.823	9.60	9.45	9.54	15.31	103.8	-11.529	0.961	9.63	9.03	9.40	15.31	-0.6	0.069	0.020	9.49	9.45	9.47	15.31	15.32	20.00	0.10
2025-06-16/6:36:06 AM	40787	82	F300/W1/M200	52.2	-5.798	0.976	9.66	9.33	9.53	15.28	19.5	-2.171	0.871	9.61	9.48	9.56	15.28	37.2	-4.137	0.914	9.61	9.38	9.52	15.28	-0.1	0.008	0.000	9.49	9.46	9.48	15.28	15.29	20.00	0.10
2025-06-16/6:44:27 AM	41288	83	F300/W1/M200	52.0	-5.779	0.988	9.67	9.37	9.54	15.24	22.3	-2.475	0.910	9.62	9.48	9.57	15.24	42.3	-4.702	0.906	9.67	9.39	9.58	15.24	-0.5	0.052	0.011	9.51	9.47	9.49	15.24	15.25	20.00	0.10
2025-06-16/6:52:48 AM	41789	84	F300/W1/M200	55.4	-6.152	0.975	9.68	9.35	9.55	15.21	18.8	-2.091	0.859	9.65	9.52	9.60	15.21	102.8	-11.422	0.966	9.60	9.00	9.37	15.21	-0.5	0.051	0.011	9.51	9.48	9.49	15.21	15.22	20.00	0.10
2025-06-16/7:01:09 AM	42290	85	F300/W1/M200	40.6	-4.513	0.967	9.64	9.39	9.53	15.19	27.4	-3.047	0.876	9.66	9.47	9.59	15.19	85.2	-9.468	0.932	9.56	9.05	9.39	15.19	-0.1	0.012	0.001	9.53	9.48	9.50	15.19	15.20	20.00	0.10
2025-06-16/7:09:30 AM	42791	86	F300/W1/M200	37.5	-4.165	0.961	9.65	9.43	9.56	15.17	36.1	-4.015	0.843	9.62	9.39	9.55	15.17	42.5	-4.722	0.948	9.65	9.40	9.55	15.17	-0.9	0.104	0.038	9.53	9.49	9.51	15.17	15.18	20.00	0.10
2025-06-16/7:17:51 AM	43292	87	F300/W1/M200	38.3	-4.251	0.968	9.67	9.43	9.57	15.16	23.8	-2.648	0.847	9.66	9.50	9.61	15.16	62.7	-6.970	0.906	9.68	9.28	9.55	15.16	-0.5	0.059	0.015	9.53	9.48	9.51	15.16	15.16	20.00	0.10
2025-06-16/7:26:12 AM	43793	88	F300/W1/M200	38.5	-4.274	0.962	9.67	9.44	9.58	15.15	19.5	-2.172	0.859	9.68	9.54	9.63	15.15	102.6	-11.403	0.937	9.62	9.02	9.41	15.15	0.0	-0.005	0.000	9.54	9.49	9.52	15.15	15.15	20.00	0.10
2025-06-16/7:34:33 AM	44294	89	F300/W1/M200	48.5	-5.388	0.938	9.66	9.38	9.56	15.15	21.5	-2.388	0.907	9.68	9.54	9.63	15.15	49.5	-5.497	0.920	9.61	9.32	9.50	15.15	-1.1	0.124	0.062	9.54	9.49	9.52	15.15	15.15	20.00	0.10
2025-06-16/7:42:54 AM	44795	90	F300/W1/M200	50.6	-5.617	0.975	9.71	9.41	9.58	15.15	25.9	-2.873	0.880	9.68	9.52	9.62	15.15	40.3	-4.477	0.927	9.70	9.44	9.61	15.15	0.2	-0.017	0.001	9.54	9.50	9.52	15.15	15.15	20.00	0.10
2025-06-16/7:51:15 AM	45296	91	F300/W1/M200	50.3	-5.594	0.971	9.72	9.42	9.60	15.16	43.1	-4.788	0.965	9.65	9.41	9.55	15.16	89.5	-9.947	0.913	9.61	9.08	9.44	15.16	-0.6	0.066	0.017	9.56	9.51	9.52	15.16	15.16	20.00	0.10
2025-06-16/7:59:36 AM	45797	92	F300/W1/M200	50.9	-5.659	0.970	9.71	9.41	9.59	15.17	33.4	-3.715	0.935	9.67	9.47	9.60	15.17	33.0	-3.672	0.902	9.68	9.47	9.60	15.17	-0.2	0.024	0.003	9.54	9.50	9.53	15.17	15.17	20.00	0.10
2025-06-16/8:07:57 AM	46298	93	F300/W1/M200	49.8	-5.536	0.980	9.73	9.44	9.61	15.19	60.0	-6.664	0.963	9.68	9.31	9.54	15.19	35.1	-3.896	0.920	9.71	9.49	9.63	15.19	-0.0	0.003	0.000	9.55	9.50	9.53	15.19	15.18	20.00	0.10
2025-06-16/8:16:18 AM	46799	94	F300/W1/M200	49.6	-5.514	0.981	9.73	9.43	9.61	15.21	41.7	-4.633	0.910	9.66	9.40	9.57	15.21	74.4	-8.262	0.919	9.71	9.25	9.56	15.21	-0.1	0.008	0.000	9.55	9.50	9.53	15.21	15.20	20.00	0.10
2025-06-16/8:24:39 AM	47300	95	F300/W1/M200	49.6	-5.509	0.978	9.72	9.43	9.60	15.24	19.5	-2.163	0.840	9.70	9.56	9.65	15.24	39.6	-4.398	0.910	9.70	9.44	9.61	15.24	-0.6	0.062	0.013	9.55	9.50	9.52	15.24	15.23	20.00	0.10
2025-06-16/8:33:00 AM	47801	96	F300/W1/M200	49.6	-5.510	0.981	9.74	9.44	9.61	15.26	27.2	-3.020	0.944	9.73	9.56	9.66	15.26	37.8	-4.202	0.924	9.71	9.47	9.62	15.26	-0.1	0.010	0.000	9.55	9.50	9.52	15.26	15.25	20.00	0.10
2025-06-16/8:41:21 AM	48302	97	F300/W1/M200	50.6	-5.626	0.977	9.74	9.44	9.62	15.29	27.7	-3.081	0.928	9.75	9.56	9.68	15.29	91.4	-10.159	0.927	9.72	9.17	9.53	15.29	-0.2	0.022	0.002	9.55	9.50	9.52	15.29	15.29	20.00	0.10
2025-06-16/8:49:42 AM	48803	98	F300/W1/M200	47.2	-5.247	0.980	9.73	9.44	9.61	15.33	47.3	-5.260	0.907	9.71	9.39	9.60	15.33	41.0	-4.554	0.929	9.69	9.43	9.60	15.33	-0.9	0.094	0.022	9.54	9.49	9.52	15.33	15.32	20.00	0.10
2025-06-16/8:58:03 AM	49304	99	F300/W1/M200	51.7	-5.745	0.980	9.73	9.42	9.60	15.38	60.6	-6.737	0.922	9.62	9.24	9.49	15.38	45.1	-5.010	0.893	9.72	9.42	9.62	15.38	-1.2	0.138	0.048	9.54	9.49	9.52	15.38	15.36	20.00	0.10
2025-06-16/9:06:24 AM	49805	100	F300/W1/M200	55.6	-6.183	0.975	9.71	9.38	9.57	15.42	32.5	-3.607	0.832	9.62	9.38	9.54	15.42	35.9	-3.993	0.931	9.68	9.45	9.60	15.42	-0.8	0.087	0.020	9.54	9.49	9.52	15.42	15.41	20.00	0.10
2025-06-16/9:14:45 AM	50306	101	F300/W1/M200	47.8	-5.307	0.982	9.70	9.41	9.58	15.47	29.0	-3.227	0.901	9.69	9.48	9.61	15.47	41.7	-4.631	0.917	9.71	9.44	9.62	15.47	0.9	-0.099	0.020	9.54	9.48	9.51	15.47	15.46	20.00	0.10
2025-06-16/9:23:06 AM	50807	102	F300/W1/M200	44.0	-4.891	0.984	9.71	9.44	9.59	15.41	20.4	-2.267	0.869	9.73	9.59	9.68	15.41	33.8	-3.760	0.886	9.69	9.46	9.60	15.41	0.1	-0.007	0.000	9.55	9.49	9.52	15.41	15.45	20.00	0.10
2025-06-16/9:31:27 AM	51308	103	F300/W1/M200	51.8	-5.761	0.978	9.71	9.41	9.58	15.26	47.2	-5.241	0.845	9.74	9.41	9.64	15.26	28.8	-3.196	0.917	9.71	9.51	9.64	15.26	-1.0	0.116	0.025	9.59	9.52	9.55	15.26	15.31	20.00	0.10
2025-06-16/9:39:48 AM	51809	104	F300/W1/M200	46.6	-5.182	0.972	9.73	9.44	9.61	15.11	78.1	-8.674	0.922	9.68	9.23	9.52	15.11	26.0	-2.884	0.934	9.72	9.57	9.66	15.11	-0.1	0.013	0.000	9.61	9.55	9.59	15.11	15.15	20.00	0.10
2025-06-16/9:48:09 AM	52310	105	F300/W1/M200	53.8	-5.979	0.975	9.74	9.41	9.60	15.01	62.3	-6.920	0.875	9.71	9.31	9.59	15.01	28.0	-3.110	0.919	9.74	9.56	9.67	15.01	1.7	-0.190	0.075	9.65	9.59	9.61	15.01	15.02	20.00	0.10
2025-06-16/9:56:30 AM	52811	106	F300/W1/M200	67.2	-7.465	0.982	9.72	9.33	9.56	15.07	45.7	-5.080	0.961	9.71	9.44	9.60	15.07	30.6	-3.399	0.930	9.78	9.58	9.70	15.07	3.9	-0.435	0.299	9.63	9.57	9.60	15.07	15.04	20.00	0.10
2025-06-16/10:04:51 AM	53312	107	F300/W1/M200	50.2	-5.572	0.971	9.72	9.42	9.59	15.19	25.2	-2.798	0.898	9.74	9.57	9.67	15.19	40.8	-4.535	0.909	9.77	9.52	9.69	15.19	3.5	-0.388	0.276	9.60	9.54	9.57	15.19	15.15	20.00	0.10
2025-06-16/10:13:12 AM	53813	108	F300/W1/M200	49.4	-5.484	0.976	9.72	9.41	9.60	15.30	33.5	-3.723	0.888	9.74	9.52	9.66	15.30	39.2	-4.358	0.940	9.78	9.53	9.69	15.30	3.3	-0.361	0.204	9.58	9.51	9.54	15.30	15.27	20.00	0.10
2025-06-16/10:21:33 AM	54314	109	F300/W1/M200	54.2	-6.022	0.978	9.71	9.36	9.56	15.17	24.2	-2.686	0.812	9.71	9.53	9.65	15.17	28.4	-3.155	0.913	9.74	9.55	9.67	15.17	0.3	-0.037	0.003	9.60	9.54	9.57	15.17	15.21	20.00	0.10
2025-06-16/10:29:54 AM	54815	110	F300/W1/M200	38.9	-4.322	0.962	9.70	9.47	9.61	14.99	24.3	-2.705	0.875	9.73	9.55	9.66	14.99	25.6	-2.848	0.900	9.76	9.58	9.68	14.99	0.3	-0.037	0.002	9.64	9.57	9.61	14.99	15.04	20.00	0.10
2025-06-16/10:38:15 AM	55316	111	F300/W1/M200	39.3	-4.362	0.973	9.77	9.53	9.66	14.99	28.6	-3.178	0.856	9.73	9.53	9.66	14.99	33.6	-3.735	0.931	9.82	9.61	9.73	14.99	3.4	-0.382	0.242	9.64	9.58	9.61	14.99	14.97	20.00	0.10
2025-06-16/10:46:36 AM	55817	112	F300/W1/M200	42.2	-4.687	0.977	9.76	9.50	9.64	15.10	25.8	-2.866	0.900	9.73	9.55	9.66	15.10	33.8	-3.759	0.933	9.82	9.61	9.74	15.10	1.7	-0.193	0.070	9.62	9.56	9.59	15.10	15.06	20.00	0.10
2025-06-16/10:54:57 AM	56318	113	F300/W1/M200	43.7	-4.857	0.976	9.76	9.50	9.66	15.21	26.0	-2.886	0.926	9.77	9.58	9.69	15.21	32.2	-3.574	0.931	9.83	9.62	9.75	15.21	2.3	-0.255	0.136	9.60	9.54	9.57	15.21	15.17	20.00	0.10
2025-06-16/11:03:18 AM	56819	114	F300/W1/M200	36.9	-4.095	0.979	9.81	9.58	9.71	15.29	47.7	-5.295	0.929	9.78	9.49	9.66	15.29	37.2	-4.129	0.940	9.80	9.57	9.71	15.29	1.6	-0.173	0.049	9.60	9.51	9.55	15.29	15.27	20.00	0.10
2025-06-16/11:11:39 AM	57320	115	F300/W1/M200	34.1	-3.793	0.958	9.77	9.56	9.68	15.16	46.1	-5.127	0.891	9.73	9.44	9.62	15.16	81.6	-9.069	0.938	9.80	9.30	9.61	15.16	-0.3	0.035	0.002	9.62	9.56	9.59	15.16	15.20	20.00	0.10
2025-06-16/11:20:00 AM	57821	116	F300/W1/M200	33.4	-3.706	0.956	9.83	9.61	9.74	15.00	24.4	-2.709	0.753	9.81	9.61	9.74	15.00	91.7	-10.194	0.954	9.72	9.15	9.52	15.00	-1.4	0.159	0.027	9.67	9.59	9.63	15.00	15.04	20.00	0.10
2025-06-16/11:28:21 AM	58322	117	F300/W1/M200	51.6	-5.729	0.972	9.81	9.50	9.67	15.03	22.3	-2.478	0.793	9.87	9.70	9.80	15.03	97.0	-10.779	0.952	9.80	9.23	9.58	15.03	2.2	-0.248	0.063	9.68	9.58	9.64	15.03	15.00	20.00	0.10
2025-06-16/11:36:42 AM	58823	118	F300/W1/M200	50.1	-5.567	0.969	9.83	9.51	9.70	15.13	44.0	-4.885	0.849	9.91	9.60	9.80	15.13	38.2	-4.246	0.956	9.87	9.61	9.75	15.13	1.0	-0.115	0.011	9.67	9.58	9.62	15.13	15.11	20.00	0.10
2025-06-16/11:45:03 AM	59324	119	F300/W1/M200	43.8	-4.867	0.969	9.80	9.53	9.69	15.15	37.4	-4.158	0.894	9.90	9.61	9.78	15.15	44.8	-4.973	0.917	9.90	9.58	9.76	15.15	3.9	-0.431	0.145	9.67	9.58	9.63	15.15	15.14	20.00	0.10
2025-06-16/11:53:24 AM	59825	120	F300/W1/M200	43.8	-4.870	0.970	9.86	9.57	9.73	15.15	30.4	-3.374	0.878	9.85	9.64	9.75	15.15	38.9	-4.322	0.897	9.89	9.61	9.78	15.15	2.2	-0.246	0.043	9.68	9.59	9.64	15.15	15.14	20.00	0.10
2025-06-16/12:01:45 PM	60326	121	F300/W1/M200	51.7	-5.741	0.968	9.86	9.54	9.72	15.16	43.0	-4.773	0.917	9.95	9.67	9.83	15.16	41.2	-4.575	0.888	9.89	9.60	9.78	15.16	3.3	-0.363	0.113	9.69	9.59	9.64	15.16	15.15	20.00	0.10
2025-06-16/12:10:06 PM	60827	122	F300/W1/M200	54.8	-6.092	0.973	9.85	9.51	9.70	15.17	49.3	-5.478	0.921	9.86	9.54	9.74	15.17	51.6	-5.728	0.885	9.87	9.54	9.76	15.17	2.5	-0.278	0.067	9.69	9.60	9.65	15.17	15.17	20.00	0.10
2025-06-16/12:18:27 PM	61328	123	F300/W1/M200	56.2	-6.248	0.966	9.84	9.49	9.69	15.18	47.3	-5.257	0.903	9.93	9.59	9.80	15.18	34.3	-3.809	0.919	9.86	9.64	9.76	15.18	3.2	-0.357	0.109	9.70	9.61	9.65	15.18	15.17	20.00	0.10
2025-06-16/12:26:48 PM	61829	124	F300/W1/M200	47.9	-5.320	0.963	9.83	9.54	9.71	15.17	56.4	-6.269	0.971	9.89	9.54	9.74	15.17	35.2	-3.910	0.883	9.89	9.64	9.80	15.17	1.8	-0.196	0.031	9.70	9.59	9.65	15.17	15.17	20.00	0.10
2025-06-16/12:35:09 PM	62330	125	F300/W1/M200	48.3	-5.367	0.972	9.85	9.56	9.72	15.17	43.0	-4.781	0.821	9.90	9.59	9.81	15.17	33.1	-3.679	0.889	9.89	9.65	9.80	15.17	1.2	-0.134	0.018	9.70	9.61	9.66	15.17	15.17	20.00	0.10
2025-06-16/12:43:30 PM	62831	126	F300/W1/M200	48.9	-5.430	0.971	9.85	9.56	9.73	15.19	48.6	-5.396	0.911	9.82	9.50	9.70	15.19	35.0	-3.886	0.892	9.90	9.65	9.80	15.19	1.3	-0.143	0.014	9.71	9.61	9.66	15.19	15.18	20.00	0.10
2025-06-16/12:51:51 PM	63332	127	F300/W1/M200	51.4	-5.713	0.971	9.85	9.52	9.72	15.21	23.1	-2.571	0.792	9.90	9.71	9.83	15.21	81.2	-9.019	0.980	9.82	9.32	9.60	15.21	3.4	-0.375	0.107	9.71	9.60	9.66	15.21	15.20	20.00	0.10
2025-06-16/1:00:12 PM	63833	128	F300/W1/M200	68.8	-7.643	0.961	9.85	9.43	9.68	15.24	35.7	-3.967	0.809	9.96	9.68	9.86	15.24	32.6	-3.627	0.889	9.89	9.64	9.79	15.24	3.9	-0.436	0.109	9.73	9.62	9.66	15.24	15.23	20.00	0.10
2025-06-16/1:08:33 PM	64334	129	F300/W1/M200	53.1	-5.897	0.969	9.86	9.54	9.72	15.26	51.3	-5.702	0.839	9.93	9.54	9.79	15.26	33.0	-3.666	0.930	9.93	9.68	9.81	15.26	2.2	-0.244	0.044	9.71	9.61	9.67	15.26	15.26	20.00	0.10
2025-06-16/1:16:54 PM	64835	130	F300/W1/M200	45.4	-5.046	0.953	9.84	9.57	9.73	15.28	32.2	-3.581	0.764	9.91	9.67	9.81	15.28	29.6	-3.285	0.909	9.86	9.65	9.77	15.28	1.8	-0.197	0.027	9.71	9.61	9.66	15.28	15.27	20.00	0.10
2025-06-16/1:25:15 PM	65336	131	F300/W1/M200	43.9	-4.876	0.967	9.85	9.56	9.72	15.31	40.4	-4.485	0.874	9.95	9.65	9.84	15.31	40.0	-4.449	0.937	9.93	9.64	9.81	15.31	4.0	-0.447	0.121	9.72	9.60	9.66	15.31	15.30	20.00	0.10
2025-06-16/1:33:36 PM	65837	132	F300/W1/M200	45.9	-5.098	0.944	9.85	9.57	9.74	15.35	30.5	-3.394	0.822	9.94	9.69	9.85	15.35	35.9	-3.986	0.926	9.92	9.67	9.81	15.35	3.4	-0.381	0.096	9.71	9.61	9.66	15.35	15.33	20.00	0.10
2025-06-16/1:41:57 PM	66338	133	F300/W1/M200	44.4	-4.934	0.960	9.85	9.56	9.73	15.40	23.3	-2.589	0.796	9.98	9.78	9.89	15.40	46.0	-5.113	0.932	9.94	9.64	9.81	15.40	0.4	-0.048	0.001	9.72	9.60	9.66	15.40	15.38	20.00	0.10
2025-06-16/1:50:18 PM	66839	134	F300/W1/M200	48.1	-5.346	0.968	9.87	9.55	9.72	15.45	21.9	-2.431	0.729	9.96	9.75	9.87	15.45	38.3	-4.251	0.896	9.93	9.66	9.82	15.45	4.1	-0.454	0.119	9.71	9.59	9.65	15.45	15.43	20.00	0.10
2025-06-16/1:58:39 PM	67340	135	F300/W1/M200	48.3	-5.371	0.963	9.85	9.53	9.72	15.49	30.7	-3.412	0.904	9.98	9.76	9.88	15.49	63.8	-7.086	0.974	9.91	9.49	9.72	15.49	3.4	-0.380	0.093	9.70	9.60	9.65	15.49	15.48	20.00	0.10
2025-06-16/2:07:00 PM	67841	136	F300/W1/M200	39.9	-4.433	0.973	9.82	9.55	9.70	15.48	32.5	-3.614	0.909	9.88	9.65	9.79	15.48	41.9	-4.659	0.926	9.82	9.54	9.70	15.48	1.7	-0.193	0.042	9.70	9.61	9.65	15.48	15.49	20.00	0.10
2025-06-16/2:15:21 PM	68342	137	F300/W1/M200	39.6	-4.396	0.943	9.84	9.56	9.71	15.39	32.3	-3.589	0.747	9.88	9.59	9.78	15.39	93.8	-10.422	0.930	9.82	9.23	9.60	15.39	-1.0	0.116	0.008	9.73	9.63	9.67	15.39	15.41	20.00	0.10
2025-06-16/2:23:42 PM	68843	138	F300/W1/M200	48.6	-5.396	0.968	9.81	9.50	9.68	15.30	27.1	-3.011	0.875	9.91	9.70	9.80	15.30	47.2	-5.243	0.896	9.76	9.44	9.63	15.30	4.5	-0.504	0.127	9.75	9.62	9.69	15.30	15.32	20.00	0.10
2025-06-16/2:32:03 PM	69344	139	F300/W1/M200	115.6	-12.841	0.988	9.76	9.08	9.47	15.22	28.0	-3.116	0.827	9.94	9.71	9.84	15.22	56.4	-6.267	0.908	9.79	9.39	9.64	15.22	3.5	-0.390	0.097	9.77	9.65	9.71	15.22	15.24	20.00	0.10
2025-06-16/2:40:24 PM	69845	140	F300/W1/M200	40.9	-4.540	0.929	9.73	9.46	9.63	15.13	38.5	-4.275	0.937	9.90	9.63	9.78	15.13	52.9	-5.881	0.922	9.79	9.44	9.65	15.13	3.5	-0.385	0.092	9.77	9.68	9.73	15.13	15.16	20.00	0.10
2025-06-16/2:48:45 PM	70346	141	F300/W1/M200	33.8	-3.759	0.872	9.78	9.53	9.69	15.03	28.8	-3.203	0.876	9.90	9.68	9.81	15.03	37.9	-4.216	0.909	9.79	9.53	9.70	15.03	0.4	-0.047	0.002	9.79	9.70	9.75	15.03	15.07	20.00	0.10
2025-06-16/2:57:06 PM	70847	142	F300/W1/M200	34.2	-3.802	0.921	9.78	9.56	9.69	15.06	21.9	-2.436	0.785	9.88	9.71	9.81	15.06	33.6	-3.729	0.926	9.82	9.59	9.72	15.06	2.2	-0.244	0.052	9.81	9.69	9.74	15.06	15.04	20.00	0.10
2025-06-16/3:05:27 PM	71348	143	F300/W1/M200	32.2	-3.578	0.924	9.83	9.61	9.74	15.13	22.5	-2.504	0.789	9.92	9.76	9.85	15.13	32.9	-3.658	0.927	9.89	9.65	9.78	15.13	2.7	-0.300	0.055	9.77	9.66	9.72	15.13	15.10	20.00	0.10
2025-06-16/3:13:48 PM	71849	144	F300/W1/M200	37.1	-4.119	0.919	9.82	9.59	9.73	15.21	25.2	-2.799	0.808	9.96	9.76	9.87	15.21	36.7	-4.073	0.934	9.90	9.66	9.79	15.21	4.3	-0.477	0.137	9.78	9.64	9.71	15.21	15.18	20.00	0.10
2025-06-16/3:22:09 PM	72350	145	F300/W1/M200	32.2	-3.578	0.933	9.83	9.63	9.75	15.27	26.4	-2.937	0.912	9.94	9.74	9.84	15.27	51.0	-5.667	0.953	9.89	9.56	9.76	15.27	4.6	-0.507	0.185	9.74	9.64	9.69	15.27	15.25	20.00	0.10
2025-06-16/3:30:30 PM	72851	146	F300/W1/M200	36.4	-4.044	0.928	9.81	9.58	9.72	15.32	41.9	-4.658	0.883	9.97	9.66	9.85	15.32	32.3	-3.585	0.921	9.88	9.66	9.78	15.32	1.2	-0.128	0.012	9.74	9.63	9.68	15.32	15.31	20.00	0.10
2025-06-16/3:38:51 PM	73352	147	F300/W1/M200	92.3	-10.251	0.930	9.83	9.22	9.61	15.23	37.9	-4.215	0.856	9.94	9.69	9.82	15.23	31.2	-3.462	0.933	9.90	9.69	9.80	15.23	-1.1	0.120	0.011	9.76	9.67	9.71	15.23	15.25	20.00	0.10
2025-06-16/3:47:12 PM	73853	148	F300/W1/M200	42.6	-4.738	0.912	9.73	9.47	9.63	15.18	7.9	-0.878	0.476	9.83	9.72	9.78	15.18	39.5	-4.385	0.943	9.88	9.62	9.77	15.18	5.3	-0.594	0.250	9.77	9.66	9.72	15.18	15.18	20.00	0.10
2025-06-16/3:55:33 PM	74354	149	F300/W1/M200	43.1	-4.785	0.934	9.82	9.55	9.71	15.25	31.5	-3.498	0.876	9.95	9.74	9.87	15.25	35.4	-3.939	0.948	9.93	9.69	9.82	15.25	0.6	-0.066	0.004	9.75	9.66	9.71	15.25	15.23	20.00	0.10
2025-06-16/4:03:54 PM	74855	150	F300/W1/M200	38.3	-4.255	0.942	9.84	9.60	9.74	15.30	36.6	-4.062	0.861	9.91	9.64	9.80	15.30	45.6	-5.071	0.931	9.92	9.62	9.80	15.30	3.9	-0.429	0.132	9.76	9.64	9.70	15.30	15.28	20.00	0.10
2025-06-16/4:12:15 PM	75356	151	F300/W1/M200	39.3	-4.371	0.928	9.85	9.60	9.75	15.35	34.6	-3.849	0.827	9.93	9.68	9.84	15.35	33.5	-3.721	0.928	9.92	9.69	9.82	15.35	3.6	-0.401	0.127	9.74	9.63	9.70	15.35	15.34	20.00	0.10
2025-06-16/4:20:36 PM	75857	152	F300/W1/M200	43.9	-4.873	0.916	9.82	9.55	9.72	15.41	43.1	-4.784	0.901	9.85	9.55	9.75	15.41	37.7	-4.190	0.943	9.93	9.67	9.82	15.41	3.3	-0.371	0.108	9.74	9.64	9.68	15.41	15.39	20.00	0.10
2025-06-16/4:28:57 PM	76358	153	F300/W1/M200	41.5	-4.613	0.935	9.82	9.55	9.72	15.43	43.7	-4.851	0.911	9.92	9.64	9.82	15.43	48.5	-5.391	0.954	9.89	9.58	9.77	15.43	3.6	-0.400	0.180	9.73	9.64	9.68	15.43	15.42	20.00	0.10
2025-06-16/4:37:18 PM	76859	154	F300/W1/M200	40.8	-4.537	0.935	9.82	9.57	9.72	15.35	22.6	-2.509	0.833	9.92	9.74	9.85	15.35	30.8	-3.421	0.934	9.87	9.66	9.77	15.35	0.1	-0.006	0.000	9.75	9.65	9.70	15.35	15.37	20.00	0.10
2025-06-16/4:45:39 PM	77360	155	F300/W1/M200	31.4	-3.484	0.936	9.80	9.60	9.72	15.23	31.9	-3.549	0.960	9.84	9.64	9.75	15.23	39.2	-4.358	0.958	9.87	9.60	9.75	15.23	0.5	-0.050	0.004	9.75	9.68	9.71	15.23	15.26	20.00	0.10
2025-06-16/4:54:00 PM	77861	156	F300/W1/M200	36.2	-4.026	0.948	9.80	9.57	9.72	15.10	30.6	-3.397	0.942	9.85	9.65	9.76	15.10	29.3	-3.260	0.952	9.85	9.65	9.76	15.10	1.5	-0.166	0.039	9.77	9.71	9.74	15.10	15.14	20.00	0.10
2025-06-16/5:02:21 PM	78362	157	F300/W1/M200	42.6	-4.736	0.942	9.80	9.54	9.70	15.04	25.8	-2.866	0.937	9.86	9.69	9.79	15.04	31.5	-3.495	0.956	9.89	9.66	9.79	15.04	1.9	-0.215	0.081	9.77	9.71	9.74	15.04	15.05	20.00	0.10
2025-06-16/5:10:42 PM	78863	158	F300/W1/M200	37.8	-4.197	0.949	9.82	9.60	9.74	15.05	20.7	-2.299	0.924	9.90	9.76	9.84	15.05	34.5	-3.838	0.970	9.90	9.68	9.81	15.05	5.2	-0.579	0.385	9.78	9.70	9.74	15.05	15.04	20.00	0.10
2025-06-16/5:19:03 PM	79364	159	F300/W1/M200	38.0	-4.224	0.947	9.83	9.59	9.74	15.15	30.0	-3.330	0.942	9.90	9.71	9.83	15.15	37.6	-4.178	0.975	9.91	9.68	9.81	15.15	3.9	-0.431	0.265	9.75	9.68	9.71	15.15	15.11	20.00	0.10
2025-06-16/5:27:24 PM	79865	160	F300/W1/M200	38.4	-4.263	0.929	9.83	9.60	9.74	15.29	59.2	-6.575	0.962	9.86	9.51	9.73	15.29	39.0	-4.336	0.954	9.90	9.65	9.80	15.29	3.3	-0.363	0.225	9.71	9.65	9.68	15.29	15.25	20.00	0.10
2025-06-16/5:35:45 PM	80366	161	F300/W1/M200	44.7	-4.969	0.973	9.81	9.54	9.70	15.34	25.9	-2.876	0.928	9.82	9.65	9.75	15.34	31.0	-3.445	0.954	9.82	9.64	9.74	15.34	0.1	-0.014	0.000	9.69	9.63	9.66	15.34	15.33	20.00	0.10
2025-06-16/5:44:06 PM	80867	162	F300/W1/M200	34.5	-3.835	0.950	9.81	9.60	9.73	15.34	27.2	-3.023	0.933	9.79	9.62	9.72	15.34	42.0	-4.662	0.937	9.83	9.57	9.73	15.34	1.4	-0.158	0.053	9.68	9.63	9.66	15.34	15.34	20.00	0.10
2025-06-16/5:52:27 PM	81368	163	F300/W1/M200	42.1	-4.675	0.942	9.78	9.53	9.69	15.34	20.5	-2.282	0.911	9.78	9.65	9.73	15.34	42.4	-4.714	0.943	9.83	9.57	9.72	15.34	1.2	-0.138	0.055	9.68	9.62	9.65	15.34	15.34	20.00	0.10
2025-06-16/6:00:48 PM	81869	164	F300/W1/M200	36.2	-4.021	0.944	9.78	9.55	9.69	15.33	49.9	-5.547	0.934	9.78	9.47	9.67	15.33	30.8	-3.422	0.964	9.82	9.62	9.74	15.33	1.7	-0.192	0.104	9.68	9.63	9.65	15.33	15.33	20.00	0.10
2025-06-16/6:09:09 PM	82370	165	F300/W1/M200	45.8	-5.091	0.964	9.78	9.52	9.67	15.32	35.9	-3.983	0.902	9.77	9.56	9.69	15.32	30.6	-3.406	0.973	9.82	9.63	9.73	15.32	0.4	-0.048	0.006	9.67	9.62	9.65	15.32	15.32	20.00	0.10
2025-06-16/6:17:30 PM	82871	166	F300/W1/M200	57.9	-6.429	0.979	9.73	9.40	9.59	15.31	30.1	-3.347	0.937	9.76	9.57	9.69	15.31	32.7	-3.636	0.980	9.83	9.63	9.73	15.31	2.1	-0.230	0.173	9.67	9.62	9.65	15.31	15.31	20.00	0.10
2025-06-16/6:25:51 PM	83372	167	F300/W1/M200	37.8	-4.203	0.954	9.75	9.52	9.66	15.30	26.3	-2.921	0.940	9.74	9.57	9.67	15.30	39.2	-4.360	0.943	9.79	9.54	9.69	15.30	3.3	-0.367	0.325	9.67	9.61	9.64	15.30	15.30	20.00	0.10
2025-06-16/6:34:12 PM	83873	168	F300/W1/M200	64.9	-7.209	0.925	9.73	9.35	9.60	15.28	22.7	-2.517	0.884	9.73	9.58	9.67	15.28	33.2	-3.692	0.922	9.76	9.56	9.69	15.28	1.5	-0.170	0.082	9.67	9.62	9.64	15.28	15.28	20.00	0.10
2025-06-16/6:42:33 PM	84374	169	F300/W1/M200	36.3	-4.035	0.946	9.72	9.51	9.64	15.27	27.2	-3.021	0.951	9.73	9.56	9.66	15.27	39.8	-4.423	0.962	9.77	9.53	9.67	15.27	2.3	-0.255	0.170	9.66	9.61	9.64	15.27	15.27	20.00	0.10
2025-06-16/6:50:54 PM	84875	170	F300/W1/M200	33.4	-3.713	0.949	9.75	9.54	9.66	15.26	23.6	-2.624	0.945	9.74	9.59	9.68	15.26	30.3	-3.370	0.941	9.77	9.56	9.69	15.26	1.6	-0.176	0.108	9.66	9.61	9.63	15.26	15.26	20.00	0.10
2025-06-16/6:59:15 PM	85376	171	F300/W1/M200	34.3	-3.807	0.939	9.74	9.52	9.66	15.24	23.3	-2.591	0.942	9.74	9.59	9.68	15.24	36.0	-3.995	0.953	9.77	9.54	9.67	15.24	1.8	-0.203	0.111	9.66	9.61	9.63	15.24	15.24	20.00	0.10
2025-06-16/7:07:36 PM	85877	172	F300/W1/M200	33.1	-3.679	0.924	9.74	9.54	9.66	15.23	22.8	-2.535	0.946	9.75	9.60	9.69	15.23	47.2	-5.247	0.951	9.77	9.49	9.66	15.23	1.6	-0.180	0.101	9.66	9.61	9.63	15.23	15.23	20.00	0.10
2025-06-16/7:15:57 PM	86378	173	F300/W1/M200	32.8	-3.641	0.940	9.74	9.54	9.66	15.21	21.0	-2.331	0.894	9.70	9.56	9.65	15.21	33.3	-3.696	0.943	9.77	9.57	9.68	15.21	1.3	-0.145	0.063	9.65	9.61	9.63	15.21	15.21	20.00	0.10
2025-06-16/7:24:18 PM	86879	174	F300/W1/M200	37.1	-4.121	0.949	9.74	9.51	9.64	15.20	25.4	-2.827	0.923	9.69	9.52	9.63	15.20	39.3	-4.362	0.930	9.76	9.52	9.68	15.20	1.1	-0.127	0.061	9.65	9.61	9.63	15.20	15.20	20.00	0.10
2025-06-16/7:32:39 PM	87380	175	F300/W1/M200	44.1	-4.899	0.928	9.69	9.43	9.59	15.18	24.1	-2.678	0.929	9.71	9.55	9.65	15.18	49.3	-5.478	0.967	9.75	9.46	9.64	15.18	2.1	-0.230	0.192	9.65	9.60	9.63	15.18	15.18	20.00	0.10
2025-06-16/7:41:00 PM	87881	176	F300/W1/M200	38.6	-4.294	0.933	9.68	9.44	9.59	15.16	20.1	-2.238	0.883	9.70	9.57	9.65	15.16	31.4	-3.489	0.917	9.75	9.55	9.67	15.16	1.0	-0.111	0.055	9.66	9.61	9.62	15.16	15.16	20.00	0.10
2025-06-16/7:49:21 PM	88382	177	F300/W1/M200	47.9	-5.324	0.981	9.69	9.41	9.57	15.14	22.1	-2.452	0.919	9.71	9.58	9.66	15.14	29.3	-3.259	0.959	9.75	9.57	9.67	15.14	1.7	-0.192	0.118	9.65	9.60	9.62	15.14	15.14	20.00	0.10
2025-06-16/7:57:42 PM	88883	178	F300/W1/M200	41.7	-4.635	0.975	9.72	9.47	9.61	15.12	24.4	-2.714	0.919	9.70	9.55	9.64	15.12	43.5	-4.836	0.945	9.75	9.49	9.65	15.12	1.8	-0.204	0.145	9.65	9.60	9.62	15.12	15.12	20.00	0.10
2025-06-16/8:06:03 PM	89384	179	F300/W1/M200	39.4	-4.375	0.969	9.73	9.48	9.62	15.09	20.4	-2.266	0.908	9.72	9.59	9.66	15.09	36.9	-4.099	0.943	9.77	9.53	9.67	15.09	0.6	-0.064	0.012	9.65	9.59	9.62	15.09	15.09	20.00	0.10
2025-06-16/8:14:24 PM	89885	180	F300/W1/M200	43.4	-4.819	0.961	9.72	9.46	9.62	15.07	25.4	-2.826	0.917	9.71	9.55	9.65	15.07	35.1	-3.905	0.940	9.75	9.53	9.67	15.07	2.2	-0.247	0.179	9.65	9.60	9.62	15.07	15.07	20.00	0.10
2025-06-16/8:22:45 PM	90386	181	F300/W1/M200	40.3	-4.474	0.968	9.73	9.48	9.62	15.04	30.4	-3.373	0.908	9.70	9.51	9.63	15.04	36.8	-4.091	0.931	9.76	9.53	9.68	15.04	2.0	-0.219	0.159	9.65	9.59	9.62	15.04	15.05	20.00	0.10
2025-06-16/8:31:06 PM	90887	182	F300/W1/M200	40.3	-4.481	0.978	9.74	9.50	9.64	15.01	52.3	-5.815	0.919	9.68	9.36	9.56	15.01	56.4	-6.262	0.967	9.77	9.44	9.63	15.01	1.0	-0.108	0.036	9.66	9.60	9.63	15.01	15.02	20.00	0.10
