Date & time of file creation	2024-08-07 4:28 PM																																	
Data file path	C:\Users\ry1ho\OneDrive\Desktop\Kenauk Respirometry   2024 RH\Respirometry Data Summer 2024\Aug 5 2024\Aug7_2024_PostBlank_Trial2.txt																																	
Raw data file path	C:\Users\ry1ho\OneDrive\Desktop\Kenauk Respirometry   2024 RH\Respirometry Data Summer 2024\Aug 5 2024\Aug7_2024_PostBlank_Trial2_raw.txt																																	
																																		
																																		
Parameter/Chamber	Wet weight [g]	Resp. volume [mL]	Fish length [cm]	Fractional error [%]	Chamber notes																													
Chamber 1	100	900	10																															
Chamber 2	100	900																																
Chamber 3	100	900																																
Chamber 4	100	900																																
																																		
																																		
Date &Time [DD-MM-YYYY/HH:MM:SS]	Time [sec]	Loop	Phase time [s]	CH 1 MO2 [mgO2/kg/hr]	CH 1 slope [%air sat./hr]	CH 1 R^2	CH 1 max O2 [%air sat.]	CH 1 min O2 [%air sat.]	CH 1 avg O2 [%air sat.]	CH 1 avg temp [°C]	CH 2 MO2 [mgO2/kg/hr]	CH 2 slope [%air sat./hr]	CH 2 R^2	CH 2 max O2 [%air sat.]	CH 2 min O2 [%air sat.]	CH 2 avg O2 [%air sat.]	CH 2 avg temp [°C]	CH 3 MO2 [mgO2/kg/hr]	CH 3 slope [%air sat./hr]	CH 3 R^2	CH 3 max O2 [%air sat.]	CH 3 min O2 [%air sat.]	CH 3 avg O2 [%air sat.]	CH 3 avg temp [°C]	CH 4 MO2 [mgO2/kg/hr]	CH 4 slope [%air sat./hr]	CH 4 R^2	CH 4 max O2 [%air sat.]	CH 4 min O2 [%air sat.]	CH 4 avg O2 [%air sat.]	CH 4 avg temp [°C]	AMB temp N°1 avg temp [°C]	AMB temp N°1 setpoint [°C]	AMB temp N°1 hysteresis [°C]
2024-08-07/4:39:15 PM	602	1	M600	-6.5	4.116	0.758	101.94	100.51	101.32	9.87	-12.4	9.796	0.783	105.31	102.47	104.40	9.87	-9.2	6.665	0.826	103.63	101.65	102.98	9.87	-10.0	7.464	0.835	104.14	101.74	103.38	9.87	9.87	20.00	0.10
2024-08-07/4:49:15 PM	1202	2	M600	-5.1	2.355	0.762	102.26	101.07	101.80	9.70	-4.4	1.610	0.676	105.58	104.60	105.08	9.70	-4.0	1.289	0.633	103.96	102.98	103.47	9.70	-4.8	2.037	0.782	104.41	103.47	104.00	9.70	9.70	20.00	0.10
2024-08-07/4:59:15 PM	1802	3	M600	-1.6	0.418	0.183	102.46	101.74	102.05	9.54	0.1	-1.251	0.001	105.47	104.74	105.13	9.54	0.0	-1.192	0.000	103.95	103.15	103.53	9.54	-1.0	-0.213	0.079	104.52	103.85	104.19	9.54	9.54	20.00	0.10
2024-08-07/5:09:15 PM	2402	4	M600	3.5	-1.925	0.682	102.14	101.42	101.82	9.60	3.8	-2.173	0.749	105.15	104.26	104.71	9.60	3.8	-2.181	0.713	103.56	102.76	103.17	9.60	3.3	-1.680	0.701	104.43	103.60	103.96	9.60	9.60	20.00	0.10
2024-08-07/5:19:15 PM	3002	5	M600	2.8	-1.415	0.605	101.94	101.21	101.56	9.70	1.9	-0.503	0.473	104.76	104.22	104.50	9.70	2.2	-0.802	0.470	103.34	102.54	102.94	9.70	2.7	-1.213	0.622	104.06	103.40	103.72	9.70	9.70	20.00	0.10
2024-08-07/5:29:15 PM	3602	6	M600	2.0	-0.784	0.448	101.68	101.08	101.37	9.78	1.5	-0.211	0.322	104.79	104.12	104.43	9.78	1.1	0.108	0.215	103.16	102.57	102.88	9.78	1.8	-0.542	0.479	103.81	103.19	103.57	9.78	9.78	20.00	0.10
2024-08-07/5:39:15 PM	4202	7	M600	1.8	-0.587	0.406	101.55	100.93	101.24	9.86	0.8	0.396	0.145	104.78	104.19	104.45	9.86	1.1	0.094	0.177	103.20	102.53	102.89	9.86	1.5	-0.269	0.374	103.75	103.20	103.47	9.86	9.86	20.00	0.10
2024-08-07/5:49:15 PM	4802	8	M600	1.4	-0.332	0.331	101.47	100.89	101.18	9.94	0.7	0.412	0.119	104.81	104.18	104.52	9.94	0.6	0.458	0.084	103.26	102.57	102.95	9.94	1.1	-0.007	0.270	103.67	103.20	103.43	9.94	9.94	20.00	0.10
2024-08-07/5:59:15 PM	5402	9	M600	1.3	-0.267	0.346	101.40	100.80	101.12	10.01	0.8	0.302	0.177	104.84	104.34	104.59	10.01	0.4	0.666	0.037	103.29	102.74	103.03	10.01	1.3	-0.180	0.340	103.64	103.18	103.39	10.01	10.01	20.00	0.10
2024-08-07/6:09:15 PM	6002	10	M600	1.1	-0.151	0.303	101.38	100.88	101.08	10.08	0.4	0.584	0.064	104.96	104.43	104.67	10.08	0.5	0.539	0.065	103.37	102.89	103.12	10.08	0.9	0.099	0.225	103.63	103.14	103.38	10.08	10.08	20.00	0.10
2024-08-07/6:19:15 PM	6602	11	M600	1.0	-0.104	0.250	101.33	100.79	101.07	10.15	0.4	0.515	0.057	105.00	104.48	104.75	10.15	0.1	0.824	0.003	103.51	102.98	103.22	10.15	1.0	-0.089	0.269	103.61	103.15	103.39	10.15	10.15	20.00	0.10
2024-08-07/6:29:15 PM	7202	12	M600	0.9	0.040	0.214	101.33	100.79	101.07	10.21	0.5	0.480	0.062	105.10	104.60	104.84	10.21	0.3	0.620	0.022	103.57	103.04	103.32	10.21	0.7	0.232	0.153	103.64	103.18	103.40	10.21	10.21	20.00	0.10
2024-08-07/6:39:15 PM	7802	13	M600	0.9	-0.014	0.195	101.29	100.84	101.06	10.27	0.2	0.711	0.011	105.19	104.66	104.93	10.27	0.2	0.656	0.013	103.67	103.15	103.41	10.27	0.8	0.103	0.187	103.62	103.17	103.41	10.27	10.27	20.00	0.10
2024-08-07/6:49:15 PM	8402	14	M600	-6.6	2.882	0.947	101.67	100.88	101.29	10.19	-6.9	2.998	0.954	105.60	104.76	105.23	10.19	-7.0	3.134	0.938	104.09	103.19	103.72	10.19	-6.8	2.945	0.962	104.06	103.29	103.65	10.19	10.19	20.00	0.10
2024-08-07/6:59:15 PM	9002	15	M600	-5.1	1.488	0.922	101.89	101.33	101.63	9.95	-4.4	0.690	0.894	105.74	105.27	105.52	9.95	-4.8	1.087	0.893	104.35	103.77	104.04	9.95	-5.1	1.389	0.931	104.24	103.67	104.00	9.95	9.95	20.00	0.10
2024-08-07/7:09:15 PM	9602	16	M600	-0.9	-0.978	0.089	102.04	101.46	101.72	9.73	-0.2	-1.658	0.007	105.76	105.13	105.49	9.73	-0.4	-1.502	0.016	104.31	103.64	104.06	9.73	-1.3	-0.650	0.163	104.32	103.83	104.12	9.73	9.73	20.00	0.10
2024-08-07/7:19:15 PM	10202	17	M600	3.9	-2.727	0.864	101.69	100.89	101.31	9.76	3.7	-2.528	0.857	105.38	104.72	105.04	9.76	3.6	-2.393	0.841	103.94	103.28	103.61	9.76	3.5	-2.342	0.863	104.11	103.40	103.74	9.76	9.76	20.00	0.10
2024-08-07/7:29:15 PM	10802	18	M600	3.0	-1.968	0.788	101.24	100.62	100.93	9.83	2.3	-1.252	0.719	105.00	104.43	104.74	9.83	2.2	-1.187	0.646	103.56	103.01	103.28	9.83	2.9	-1.797	0.800	103.70	103.08	103.40	9.83	9.83	20.00	0.10
2024-08-07/7:39:15 PM	11402	19	M600	2.5	-1.557	0.742	100.94	100.38	100.63	9.89	1.4	-0.427	0.472	104.86	104.40	104.60	9.89	1.3	-0.427	0.430	103.36	102.90	103.14	9.89	2.0	-1.022	0.681	103.40	102.92	103.18	9.89	9.89	20.00	0.10
2024-08-07/7:49:15 PM	12002	20	M600	2.0	-1.134	0.653	100.64	100.19	100.42	9.95	0.8	0.050	0.304	104.80	104.40	104.57	9.95	0.9	-0.062	0.302	103.32	102.94	103.11	9.95	1.7	-0.781	0.602	103.26	102.84	103.03	9.95	9.95	20.00	0.10
2024-08-07/7:59:15 PM	12602	21	M600	1.5	-0.760	0.536	100.50	100.04	100.28	10.00	0.4	0.340	0.098	104.86	104.44	104.62	10.00	0.4	0.366	0.069	103.35	102.94	103.13	10.00	1.4	-0.659	0.584	103.15	102.72	102.92	10.00	10.00	20.00	0.10
2024-08-07/8:09:15 PM	13202	22	M600	1.2	-0.506	0.451	100.37	99.98	100.16	10.06	0.3	0.458	0.042	104.91	104.48	104.68	10.06	0.2	0.484	0.023	103.40	102.98	103.20	10.06	1.4	-0.694	0.528	102.96	102.56	102.76	10.06	10.06	20.00	0.10
2024-08-07/8:19:15 PM	13802	23	M600	1.1	-0.387	0.396	100.28	99.89	100.08	10.10	0.2	0.478	0.030	104.95	104.59	104.75	10.10	0.2	0.504	0.017	103.51	103.11	103.27	10.10	1.0	-0.326	0.401	102.87	102.51	102.68	10.10	10.10	20.00	0.10
2024-08-07/8:29:15 PM	14402	24	M600	0.9	-0.230	0.308	100.20	99.81	100.01	10.15	0.2	0.549	0.014	105.05	104.66	104.85	10.15	0.1	0.580	0.007	103.58	103.16	103.35	10.15	0.8	-0.139	0.310	102.78	102.46	102.64	10.15	10.15	20.00	0.10
2024-08-07/8:39:15 PM	15002	25	M600	0.6	-0.030	0.180	100.13	99.78	99.96	10.20	0.0	0.574	0.000	105.12	104.75	104.92	10.20	-0.1	0.691	0.005	103.69	103.25	103.45	10.20	0.7	-0.071	0.217	102.80	102.46	102.61	10.20	10.20	20.00	0.10
2024-08-07/8:49:15 PM	15602	26	M600	0.7	-0.161	0.274	100.09	99.78	99.94	10.24	0.0	0.561	0.001	105.18	104.84	105.01	10.24	0.1	0.452	0.010	103.76	103.34	103.54	10.24	0.7	-0.089	0.256	102.76	102.42	102.58	10.24	10.24	20.00	0.10
2024-08-07/8:59:15 PM	16202	27	M600	0.8	-0.225	0.253	100.10	99.72	99.91	10.28	0.2	0.390	0.015	105.27	104.87	105.09	10.28	0.0	0.539	0.000	103.81	103.39	103.62	10.28	0.6	-0.045	0.176	102.76	102.37	102.57	10.28	10.28	20.00	0.10
2024-08-07/9:09:15 PM	16802	28	M600	0.5	0.032	0.159	100.05	99.74	99.89	10.32	0.2	0.412	0.017	105.35	105.02	105.16	10.32	0.1	0.457	0.006	103.89	103.53	103.70	10.32	0.7	-0.095	0.226	102.72	102.41	102.57	10.32	10.32	20.00	0.10
2024-08-07/9:19:15 PM	17402	29	M600	0.7	-0.197	0.253	100.03	99.69	99.87	10.35	0.1	0.432	0.007	105.41	105.02	105.23	10.35	0.1	0.415	0.008	103.91	103.54	103.74	10.35	0.7	-0.177	0.274	102.72	102.41	102.57	10.35	10.35	20.00	0.10
2024-08-07/9:29:15 PM	18002	30	M600	0.5	-0.030	0.148	100.04	99.66	99.84	10.39	0.3	0.227	0.056	105.49	105.12	105.27	10.39	0.2	0.289	0.032	103.96	103.59	103.80	10.39	0.5	-0.011	0.148	102.74	102.34	102.54	10.39	10.39	20.00	0.10
2024-08-07/9:39:15 PM	18602	31	M600	-0.3	0.285	0.032	100.04	99.67	99.85	10.42	-0.6	0.567	0.110	105.55	105.13	105.32	10.42	-0.6	0.557	0.096	104.07	103.60	103.85	10.42	-0.5	0.481	0.088	102.77	102.38	102.56	10.42	10.42	20.00	0.10
2024-08-07/9:49:15 PM	19202	32	M600	-6.2	2.236	0.955	100.44	99.83	100.14	10.24	-6.6	2.375	0.961	105.98	105.32	105.66	10.24	-6.4	2.251	0.947	104.49	103.83	104.20	10.24	-6.2	2.124	0.959	103.13	102.55	102.87	10.24	10.24	20.00	0.10
2024-08-07/9:59:15 PM	19802	33	M600	-5.1	1.153	0.941	100.63	100.19	100.42	9.97	-4.4	0.206	0.924	106.02	105.63	105.87	9.97	-4.5	0.403	0.909	104.62	104.21	104.42	9.97	-5.2	1.175	0.946	103.35	102.92	103.15	9.97	9.97	20.00	0.10
2024-08-07/10:09:15 PM	20402	34	M600	-0.9	-1.214	0.093	100.72	100.18	100.48	9.73	-0.0	-2.154	0.000	106.00	105.37	105.76	9.73	0.1	-2.293	0.002	104.62	103.96	104.34	9.73	-1.0	-1.209	0.116	103.41	102.89	103.20	9.73	9.73	20.00	0.10
2024-08-07/10:19:15 PM	21002	35	M600	3.8	-2.930	0.873	100.38	99.65	100.02	9.74	3.9	-3.002	0.884	105.62	104.84	105.22	9.74	3.9	-2.948	0.868	104.19	103.44	103.82	9.74	3.6	-2.735	0.887	103.14	102.44	102.77	9.74	9.74	20.00	0.10
2024-08-07/10:29:15 PM	21602	36	M600	3.1	-2.341	0.830	99.88	99.26	99.58	9.79	2.3	-1.455	0.724	105.12	104.61	104.87	9.79	2.2	-1.411	0.693	103.72	103.22	103.47	9.79	2.7	-1.878	0.799	102.67	102.15	102.39	9.79	9.79	20.00	0.10
2024-08-07/10:39:15 PM	22202	37	M600	2.4	-1.771	0.741	99.55	98.96	99.25	9.84	1.1	-0.432	0.354	104.91	104.54	104.72	9.84	1.2	-0.615	0.425	103.49	103.10	103.30	9.84	2.0	-1.395	0.697	102.30	101.83	102.10	9.84	9.84	20.00	0.10
2024-08-07/10:49:15 PM	22802	38	M600	1.9	-1.277	0.649	99.25	98.71	99.02	9.88	0.5	0.096	0.117	104.90	104.48	104.71	9.88	0.6	-0.016	0.147	103.52	103.01	103.25	9.88	1.9	-1.264	0.649	102.12	101.61	101.88	9.88	9.88	20.00	0.10
2024-08-07/10:59:15 PM	23402	39	M600	1.4	-0.853	0.516	99.02	98.59	98.82	9.92	0.3	0.299	0.040	104.92	104.50	104.73	9.92	0.1	0.463	0.005	103.48	103.09	103.28	9.92	1.2	-0.649	0.451	101.90	101.54	101.72	9.92	9.92	20.00	0.10
2024-08-07/11:09:15 PM	24002	40	M600	1.2	-0.685	0.395	98.88	98.43	98.69	9.95	-0.1	0.577	0.002	105.02	104.62	104.81	9.95	-0.0	0.522	0.000	103.60	103.07	103.34	9.95	1.3	-0.775	0.515	101.81	101.43	101.62	9.95	9.95	20.00	0.10
2024-08-07/11:19:15 PM	24602	41	M600	0.8	-0.381	0.214	98.78	98.34	98.57	9.99	-0.2	0.681	0.022	105.11	104.71	104.90	9.99	-0.1	0.561	0.005	103.68	103.13	103.41	9.99	0.7	-0.249	0.199	101.73	101.34	101.52	9.99	9.99	20.00	0.10
2024-08-07/11:29:15 PM	25202	42	M600	0.9	-0.454	0.253	98.71	98.29	98.49	10.02	0.0	0.439	0.000	105.24	104.72	104.98	10.02	0.1	0.380	0.002	103.74	103.21	103.50	10.02	1.1	-0.601	0.351	101.66	101.25	101.45	10.02	10.02	20.00	0.10
2024-08-07/11:39:15 PM	25802	43	M600	1.0	-0.488	0.279	98.67	98.19	98.43	10.06	0.1	0.478	0.002	105.31	104.84	105.07	10.06	0.1	0.423	0.005	103.84	103.26	103.56	10.06	1.0	-0.425	0.271	101.59	101.12	101.37	10.06	10.06	20.00	0.10
2024-08-07/11:49:15 PM	26402	44	M600	0.8	-0.338	0.170	98.68	98.15	98.38	10.09	0.1	0.330	0.005	105.39	104.94	105.16	10.09	0.1	0.349	0.003	103.91	103.40	103.65	10.09	0.7	-0.285	0.170	101.55	101.05	101.32	10.09	10.09	20.00	0.10
2024-08-07/11:59:15 PM	27002	45	M600	0.7	-0.230	0.143	98.58	98.11	98.34	10.12	0.1	0.387	0.004	105.49	104.95	105.22	10.12	-0.1	0.618	0.005	103.98	103.45	103.70	10.12	0.7	-0.208	0.152	101.46	101.08	101.28	10.12	10.12	20.00	0.10
2024-08-08/12:09:15 AM	27602	46	M600	0.5	-0.048	0.070	98.52	98.11	98.31	10.15	-0.1	0.497	0.001	105.54	105.02	105.30	10.15	0.1	0.318	0.003	104.03	103.50	103.78	10.15	0.8	-0.403	0.227	101.48	101.01	101.26	10.15	10.15	20.00	0.10
2024-08-08/12:19:15 AM	28202	47	M600	0.5	-0.158	0.091	98.53	98.05	98.30	10.17	0.2	0.158	0.022	105.59	105.10	105.36	10.17	0.0	0.374	0.000	104.08	103.55	103.82	10.17	0.4	-0.034	0.063	101.44	100.97	101.23	10.17	10.17	20.00	0.10
2024-08-08/12:29:15 AM	28802	48	M600	0.6	-0.145	0.095	98.49	98.02	98.28	10.20	0.0	0.416	0.000	105.71	105.24	105.42	10.20	0.1	0.282	0.005	104.18	103.64	103.87	10.20	0.5	-0.082	0.085	101.44	101.04	101.24	10.20	10.20	20.00	0.10
2024-08-08/12:39:15 AM	29402	49	M600	0.5	-0.110	0.061	98.49	98.05	98.25	10.23	0.4	-0.055	0.054	105.67	105.25	105.44	10.23	-0.1	0.411	0.001	104.15	103.60	103.91	10.23	0.6	-0.220	0.120	101.40	100.99	101.18	10.23	10.23	20.00	0.10
2024-08-08/12:49:15 AM	30002	50	M600	0.6	-0.136	0.096	98.47	98.01	98.23	10.26	0.1	0.305	0.006	105.70	105.22	105.49	10.26	0.1	0.327	0.003	104.30	103.58	103.97	10.26	0.5	-0.078	0.086	101.42	100.93	101.16	10.26	10.26	20.00	0.10
2024-08-08/12:59:15 AM	30602	51	M600	0.5	-0.119	0.079	98.48	98.02	98.23	10.28	0.3	0.066	0.037	105.82	105.32	105.54	10.28	0.4	-0.006	0.048	104.28	103.74	104.00	10.28	0.5	-0.105	0.091	101.38	100.95	101.15	10.28	10.28	20.00	0.10
2024-08-08/1:09:15 AM	31202	52	M600	0.3	0.022	0.036	98.44	98.00	98.21	10.31	0.3	0.067	0.030	105.85	105.37	105.56	10.31	0.3	0.056	0.024	104.30	103.77	104.02	10.31	0.2	0.109	0.019	101.31	100.91	101.12	10.31	10.31	20.00	0.10
2024-08-08/1:19:15 AM	31802	53	M600	0.3	0.005	0.032	98.42	97.95	98.20	10.33	0.2	0.117	0.015	105.82	105.31	105.60	10.33	0.1	0.271	0.001	104.30	103.82	104.05	10.33	0.6	-0.237	0.100	101.43	100.89	101.12	10.33	10.33	20.00	0.10
2024-08-08/1:29:15 AM	32402	54	M600	0.5	-0.120	0.067	98.45	97.93	98.18	10.35	0.0	0.327	0.000	105.92	105.43	105.64	10.35	0.4	0.001	0.034	104.35	103.84	104.08	10.35	0.4	-0.057	0.056	101.31	100.82	101.10	10.35	10.35	20.00	0.10
2024-08-08/1:39:15 AM	33002	55	M600	0.3	-0.081	0.041	98.40	97.89	98.17	10.38	0.3	0.013	0.020	105.90	105.41	105.66	10.38	0.2	0.085	0.010	104.36	103.82	104.08	10.38	0.6	-0.300	0.112	101.32	100.87	101.07	10.38	10.38	20.00	0.10
2024-08-08/1:49:15 AM	33602	56	M600	0.5	-0.217	0.079	98.38	97.92	98.15	10.40	0.2	0.129	0.012	105.95	105.43	105.67	10.40	0.3	0.033	0.022	104.34	103.83	104.10	10.40	0.4	-0.050	0.049	101.23	100.80	101.01	10.40	10.40	20.00	0.10
2024-08-08/1:59:15 AM	34202	57	M600	0.3	-0.067	0.035	98.41	97.78	98.13	10.42	0.2	0.100	0.013	105.91	105.41	105.69	10.42	0.4	-0.128	0.047	104.38	103.80	104.11	10.42	0.4	-0.105	0.053	101.23	100.76	101.00	10.42	10.42	20.00	0.10
2024-08-08/2:09:15 AM	34802	58	M600	0.4	-0.112	0.060	98.39	97.91	98.13	10.44	0.5	-0.141	0.078	105.96	105.44	105.68	10.44	0.4	-0.096	0.050	104.34	103.83	104.10	10.44	0.6	-0.296	0.146	101.18	100.80	100.98	10.44	10.44	20.00	0.10
2024-08-08/2:19:15 AM	35402	59	M600	-5.8	2.320	0.913	98.63	97.90	98.28	10.36	-6.2	2.437	0.924	106.22	105.49	105.84	10.36	-6.2	2.479	0.906	104.67	103.83	104.27	10.36	-5.9	2.265	0.918	101.49	100.74	101.11	10.36	10.36	20.00	0.10
2024-08-08/2:29:15 AM	36002	60	M600	-5.4	1.428	0.911	98.87	98.30	98.60	10.09	-4.9	0.620	0.880	106.35	105.84	106.12	10.09	-4.9	0.658	0.869	104.88	104.27	104.57	10.09	-5.6	1.438	0.926	101.66	101.17	101.43	10.09	10.09	20.00	0.10
2024-08-08/2:39:15 AM	36602	61	M600	-3.0	-0.244	0.585	98.98	98.50	98.72	9.82	-2.0	-1.450	0.373	106.41	105.73	106.09	9.82	-2.0	-1.404	0.349	104.87	104.06	104.54	9.82	-3.3	-0.091	0.645	101.80	101.24	101.55	9.82	9.82	20.00	0.10
2024-08-08/2:49:15 AM	37202	62	M600	3.7	-2.943	0.821	98.76	98.00	98.34	9.78	3.9	-3.089	0.828	106.04	105.19	105.58	9.78	3.7	-2.985	0.807	104.55	103.70	104.04	9.78	3.4	-2.681	0.830	101.62	100.88	101.21	9.78	9.78	20.00	0.10
2024-08-08/2:59:15 AM	37802	63	M600	2.8	-2.222	0.751	98.24	97.60	97.91	9.82	2.0	-1.458	0.635	105.48	104.94	105.22	9.82	2.1	-1.526	0.608	103.97	103.37	103.66	9.82	2.5	-1.954	0.733	101.20	100.54	100.82	9.82	9.82	20.00	0.10
2024-08-08/3:09:15 AM	38402	64	M600	2.1	-1.651	0.676	97.91	97.28	97.60	9.86	1.2	-0.697	0.366	105.26	104.82	105.05	9.86	1.2	-0.751	0.351	103.76	103.18	103.47	9.86	2.0	-1.459	0.635	100.78	100.28	100.52	9.86	9.86	20.00	0.10
2024-08-08/3:19:15 AM	39002	65	M600	1.7	-1.243	0.552	97.63	97.05	97.37	9.89	0.8	-0.306	0.226	105.18	104.78	104.97	9.89	0.7	-0.209	0.145	103.62	103.14	103.40	9.89	1.7	-1.237	0.596	100.54	100.04	100.29	9.89	9.89	20.00	0.10
2024-08-08/3:29:15 AM	39602	66	M600	1.4	-0.958	0.443	97.44	96.94	97.18	9.92	0.2	0.261	0.014	105.21	104.77	105.00	9.92	0.4	0.023	0.062	103.61	103.19	103.39	9.92	1.3	-0.900	0.466	100.36	99.89	100.11	9.92	9.92	20.00	0.10
2024-08-08/3:39:15 AM	40202	67	M600	1.2	-0.782	0.372	97.31	96.78	97.03	9.94	0.0	0.358	0.000	105.29	104.88	105.06	9.94	-0.0	0.389	0.000	103.65	103.21	103.44	9.94	1.0	-0.613	0.330	100.22	99.77	99.99	9.94	9.94	20.00	0.10
2024-08-08/3:49:15 AM	40802	68	M600	1.0	-0.676	0.355	97.12	96.68	96.93	9.97	-0.2	0.597	0.025	105.39	104.94	105.16	9.97	-0.1	0.441	0.003	103.76	103.27	103.49	9.97	0.9	-0.491	0.286	100.09	99.67	99.90	9.97	9.97	20.00	0.10
2024-08-08/3:59:15 AM	41402	69	M600	0.7	-0.386	0.237	97.01	96.69	96.85	9.99	-0.6	0.947	0.172	105.49	105.05	105.28	9.99	-0.2	0.494	0.013	103.79	103.39	103.56	9.99	0.6	-0.272	0.184	100.00	99.67	99.82	9.99	9.99	20.00	0.10
2024-08-08/4:09:15 AM	42002	70	M600	0.6	-0.305	0.185	96.97	96.61	96.79	10.01	-0.3	0.593	0.028	105.57	105.14	105.39	10.01	-0.1	0.470	0.008	103.86	103.42	103.63	10.01	0.8	-0.469	0.285	100.01	99.54	99.75	10.01	10.01	20.00	0.10
2024-08-08/4:19:15 AM	42602	71	M600	0.6	-0.229	0.178	96.94	96.60	96.75	10.04	0.0	0.366	0.000	105.62	105.26	105.45	10.04	0.1	0.276	0.005	103.90	103.49	103.71	10.04	0.7	-0.306	0.213	99.89	99.50	99.69	10.04	10.04	20.00	0.10
2024-08-08/4:29:15 AM	43202	72	M600	0.4	-0.099	0.108	96.88	96.52	96.71	10.06	-0.1	0.451	0.004	105.74	105.32	105.53	10.06	-0.0	0.367	0.000	104.00	103.56	103.77	10.06	0.6	-0.222	0.179	99.78	99.47	99.65	10.06	10.06	20.00	0.10
2024-08-08/4:39:15 AM	43802	73	M600	0.3	-0.001	0.058	96.86	96.50	96.69	10.08	-0.1	0.399	0.002	105.79	105.43	105.60	10.08	-0.0	0.340	0.000	104.02	103.58	103.83	10.08	0.4	-0.073	0.088	99.79	99.43	99.62	10.08	10.08	20.00	0.10
2024-08-08/4:49:15 AM	44402	74	M600	0.4	-0.125	0.115	96.83	96.51	96.67	10.11	-0.1	0.431	0.006	105.84	105.46	105.66	10.11	0.0	0.286	0.001	104.08	103.71	103.88	10.11	0.4	-0.043	0.086	99.75	99.45	99.59	10.11	10.11	20.00	0.10
2024-08-08/4:59:15 AM	45002	75	M600	0.4	-0.061	0.088	96.83	96.44	96.66	10.13	-0.1	0.474	0.011	105.93	105.45	105.74	10.13	0.0	0.294	0.001	104.17	103.74	103.93	10.13	0.4	-0.081	0.102	99.71	99.45	99.57	10.13	10.13	20.00	0.10
2024-08-08/5:09:15 AM	45602	76	M600	0.4	-0.051	0.095	96.81	96.49	96.65	10.15	0.3	0.118	0.039	106.02	105.62	105.79	10.15	-0.1	0.448	0.004	104.20	103.80	103.99	10.15	0.4	-0.029	0.099	99.75	99.41	99.58	10.15	10.15	20.00	0.10
2024-08-08/5:19:15 AM	46202	77	M600	0.4	-0.088	0.080	96.82	96.44	96.63	10.17	-0.1	0.388	0.005	106.01	105.65	105.83	10.17	0.0	0.255	0.001	104.23	103.86	104.06	10.17	0.3	-0.010	0.069	99.74	99.45	99.59	10.17	10.17	20.00	0.10
2024-08-08/5:29:15 AM	46802	78	M600	0.4	-0.072	0.083	96.79	96.49	96.62	10.19	0.1	0.243	0.002	106.04	105.70	105.87	10.19	0.3	0.006	0.041	104.28	103.92	104.08	10.19	0.3	0.032	0.042	99.72	99.38	99.57	10.19	10.19	20.00	0.10
2024-08-08/5:39:15 AM	47402	79	M600	0.1	0.109	0.013	96.77	96.43	96.62	10.21	0.2	0.103	0.016	106.07	105.74	105.90	10.21	0.1	0.164	0.005	104.29	103.94	104.12	10.21	0.1	0.166	0.006	99.71	99.39	99.56	10.21	10.21	20.00	0.10
2024-08-08/5:49:15 AM	48002	80	M600	0.2	0.040	0.023	96.76	96.43	96.61	10.23	0.2	0.041	0.027	106.07	105.69	105.90	10.23	0.3	-0.065	0.051	104.39	103.99	104.15	10.23	0.3	-0.067	0.067	99.72	99.39	99.55	10.23	10.23	20.00	0.10
2024-08-08/5:59:15 AM	48602	81	M600	0.3	-0.017	0.051	96.79	96.40	96.59	10.25	-0.1	0.365	0.003	106.12	105.77	105.94	10.25	0.2	0.101	0.020	104.37	103.98	104.18	10.25	0.5	-0.196	0.156	99.68	99.39	99.54	10.25	10.25	20.00	0.10
2024-08-08/6:09:15 AM	49202	82	M600	0.3	-0.106	0.077	96.77	96.43	96.59	10.27	0.1	0.201	0.002	106.17	105.78	106.00	10.27	0.2	0.046	0.026	104.35	104.00	104.19	10.27	0.3	-0.063	0.060	99.68	99.36	99.52	10.27	10.27	20.00	0.10
2024-08-08/6:19:15 AM	49802	83	M600	0.4	-0.161	0.097	96.73	96.43	96.58	10.28	0.2	0.094	0.018	106.20	105.84	106.01	10.28	0.1	0.153	0.005	104.37	103.97	104.21	10.28	0.4	-0.163	0.119	99.66	99.36	99.50	10.28	10.28	20.00	0.10
2024-08-08/6:29:15 AM	50402	84	M600	0.4	-0.075	0.077	96.72	96.39	96.57	10.30	0.2	0.081	0.034	106.23	105.86	106.04	10.30	0.5	-0.140	0.093	104.40	104.02	104.22	10.30	0.3	-0.005	0.068	99.65	99.32	99.49	10.30	10.30	20.00	0.10
2024-08-08/6:39:15 AM	51002	85	M600	0.2	0.074	0.027	96.74	96.37	96.56	10.32	0.3	-0.024	0.076	106.21	105.87	106.04	10.32	0.1	0.204	0.005	104.46	104.00	104.22	10.32	0.5	-0.215	0.158	99.67	99.31	99.48	10.32	10.32	20.00	0.10
2024-08-08/6:49:15 AM	51602	86	M600	0.4	-0.087	0.084	96.71	96.38	96.54	10.35	0.1	0.249	0.004	106.22	105.90	106.06	10.35	0.2	0.097	0.030	104.43	104.02	104.24	10.35	0.3	-0.021	0.078	99.62	99.30	99.46	10.35	10.35	20.00	0.10
2024-08-08/6:59:15 AM	52202	87	M600	0.3	0.075	0.034	96.73	96.33	96.54	10.37	0.3	0.090	0.038	106.29	105.88	106.08	10.37	0.2	0.142	0.021	104.41	104.04	104.23	10.37	0.5	-0.116	0.143	99.63	99.30	99.44	10.37	10.37	20.00	0.10
2024-08-08/7:09:15 AM	52802	88	M600	0.7	-0.183	0.143	96.72	96.25	96.52	10.40	0.5	-0.026	0.109	106.30	105.87	106.09	10.40	0.5	-0.028	0.096	104.49	103.99	104.24	10.40	0.5	-0.054	0.155	99.61	99.25	99.43	10.40	10.40	20.00	0.10
2024-08-08/7:19:15 AM	53402	89	M600	0.5	-0.021	0.095	96.74	96.26	96.51	10.43	0.4	0.144	0.059	106.40	105.91	106.10	10.43	0.6	-0.050	0.115	104.43	104.04	104.24	10.43	1.0	-0.489	0.394	99.57	99.21	99.40	10.43	10.43	20.00	0.10
2024-08-08/7:29:15 AM	54002	90	M600	0.5	0.028	0.069	96.75	96.27	96.50	10.47	0.3	0.232	0.033	106.37	105.93	106.11	10.47	0.1	0.390	0.006	104.60	104.07	104.29	10.47	0.6	-0.112	0.171	99.54	99.19	99.36	10.47	10.47	20.00	0.10
2024-08-08/7:39:15 AM	54602	91	M600	-5.7	2.226	0.907	97.04	96.35	96.71	10.36	-5.9	2.117	0.930	106.70	105.99	106.35	10.36	-6.2	2.441	0.926	104.93	104.19	104.55	10.36	-5.9	2.344	0.948	99.97	99.27	99.58	10.36	10.36	20.00	0.10
2024-08-08/7:49:15 AM	55202	92	M600	-4.8	1.221	0.868	97.35	96.72	97.02	10.11	-4.6	0.664	0.883	106.85	106.38	106.59	10.11	-4.6	0.708	0.872	105.04	104.48	104.80	10.11	-4.9	1.210	0.915	100.14	99.63	99.89	10.11	10.11	20.00	0.10
2024-08-08/7:59:15 AM	55802	93	M600	-3.8	0.269	0.799	97.36	96.85	97.12	9.86	-3.2	-0.608	0.782	106.80	106.28	106.57	9.86	-2.9	-0.789	0.724	105.10	104.55	104.80	9.86	-3.8	0.250	0.877	100.24	99.82	100.01	9.86	9.86	20.00	0.10
2024-08-08/8:09:15 AM	56402	94	M600	4.6	-3.254	0.853	97.37	96.47	96.85	9.78	5.5	-4.011	0.901	106.63	105.61	106.13	9.78	5.2	-3.717	0.870	104.88	103.91	104.37	9.78	4.6	-3.195	0.887	100.17	99.34	99.74	9.78	9.78	20.00	0.10
2024-08-08/8:19:15 AM	57002	95	M600	3.4	-2.318	0.741	96.80	96.00	96.40	9.86	2.8	-1.600	0.689	105.98	105.35	105.68	9.86	3.0	-1.807	0.672	104.32	103.59	103.93	9.86	3.3	-2.153	0.807	99.64	98.94	99.31	9.86	9.86	20.00	0.10
2024-08-08/8:29:15 AM	57602	96	M600	2.9	-1.853	0.629	96.45	95.67	96.06	9.93	2.0	-0.906	0.497	105.82	105.22	105.48	9.93	2.1	-0.987	0.517	104.10	103.31	103.68	9.93	2.6	-1.518	0.730	99.29	98.69	98.99	9.93	9.93	20.00	0.10
2024-08-08/8:39:15 AM	58202	97	M600	2.0	-0.944	0.475	96.12	95.45	95.83	10.01	0.9	0.219	0.171	105.80	105.17	105.42	10.01	1.3	-0.167	0.278	103.94	103.25	103.61	10.01	2.2	-1.099	0.633	99.03	98.46	98.77	10.01	10.01	20.00	0.10
2024-08-08/8:49:15 AM	58802	98	M600	1.9	-0.791	0.386	96.07	95.38	95.68	10.08	0.9	0.295	0.151	105.85	105.16	105.47	10.08	0.8	0.326	0.119	103.96	103.28	103.63	10.08	2.0	-0.878	0.590	98.85	98.36	98.62	10.08	10.08	20.00	0.10
2024-08-08/8:59:15 AM	59402	99	M600	1.7	-0.463	0.332	95.86	95.19	95.55	10.16	0.8	0.565	0.100	105.90	105.18	105.56	10.16	0.9	0.406	0.145	104.04	103.38	103.71	10.16	1.8	-0.578	0.531	98.76	98.26	98.52	10.16	10.16	20.00	0.10
2024-08-08/9:09:15 AM	60002	100	M600	1.6	-0.437	0.294	95.82	95.19	95.48	10.24	0.5	0.765	0.039	106.03	105.32	105.65	10.24	0.8	0.411	0.098	104.14	103.44	103.78	10.24	1.6	-0.471	0.444	98.72	98.19	98.45	10.24	10.24	20.00	0.10
2024-08-08/9:19:15 AM	60602	101	M600	-5.5	2.431	0.843	96.17	95.34	95.73	10.15	-6.2	2.790	0.864	106.51	105.57	106.05	10.15	-6.5	3.093	0.870	104.65	103.60	104.16	10.15	-5.2	1.992	0.873	99.03	98.21	98.66	10.15	10.15	20.00	0.10
2024-08-08/9:29:15 AM	61202	102	M600	-4.1	1.278	0.689	96.41	95.57	96.02	9.94	-3.9	0.770	0.677	106.70	106.02	106.37	9.94	-4.1	1.055	0.715	105.03	104.11	104.49	9.94	-4.0	1.110	0.809	99.25	98.66	98.91	9.94	9.94	20.00	0.10
2024-08-08/9:39:15 AM	61802	103	M600	-2.9	0.158	0.569	96.53	95.79	96.14	9.75	-2.7	-0.280	0.539	106.75	106.06	106.40	9.75	-2.7	-0.263	0.524	104.88	104.24	104.54	9.75	-3.3	0.465	0.723	99.31	98.72	99.02	9.75	9.75	20.00	0.10
2024-08-08/9:49:15 AM	62402	104	M600	-1.1	-0.879	0.131	96.55	95.73	96.14	9.56	-0.9	-1.256	0.096	106.66	105.97	106.31	9.56	-0.8	-1.409	0.057	104.83	104.00	104.45	9.56	-1.2	-0.835	0.176	99.28	98.71	99.01	9.56	9.56	20.00	0.10
2024-08-08/9:59:15 AM	63002	105	M600	4.4	-2.768	0.779	96.22	95.22	95.73	9.60	4.4	-2.625	0.768	106.30	105.36	105.85	9.60	4.4	-2.640	0.758	104.44	103.50	103.97	9.60	4.3	-2.599	0.821	99.02	98.26	98.63	9.60	9.60	20.00	0.10
2024-08-08/10:09:15 AM	63602	106	M600	3.3	-1.796	0.644	95.74	94.90	95.34	9.71	2.9	-1.207	0.569	105.91	105.19	105.54	9.71	2.7	-1.084	0.530	104.08	103.30	103.68	9.71	3.5	-1.969	0.755	98.63	97.90	98.27	9.71	9.71	20.00	0.10
2024-08-08/10:19:15 AM	64202	107	M600	3.0	-1.530	0.601	95.47	94.70	95.06	9.81	1.5	0.085	0.286	105.81	105.12	105.46	9.81	1.8	-0.192	0.330	103.93	103.28	103.57	9.81	2.9	-1.373	0.641	98.35	97.66	98.00	9.81	9.81	20.00	0.10
2024-08-08/10:29:15 AM	64802	108	M600	2.2	-0.792	0.432	95.29	94.51	94.90	9.92	0.9	0.672	0.106	105.80	105.09	105.49	9.92	1.2	0.312	0.179	103.92	103.23	103.57	9.92	2.1	-0.679	0.521	98.18	97.51	97.84	9.92	9.92	20.00	0.10
2024-08-08/10:39:15 AM	65402	109	M600	1.7	-0.269	0.303	95.24	94.51	94.81	10.02	1.0	0.514	0.140	105.96	105.28	105.60	10.02	1.0	0.535	0.151	104.04	103.32	103.66	10.02	1.7	-0.293	0.450	98.03	97.52	97.76	10.02	10.02	20.00	0.10
2024-08-08/10:49:15 AM	66002	110	M600	1.1	0.165	0.166	95.15	94.42	94.77	10.11	0.5	0.889	0.047	106.11	105.32	105.72	10.11	0.6	0.765	0.060	104.22	103.36	103.79	10.11	1.3	0.043	0.300	98.04	97.47	97.75	10.11	10.11	20.00	0.10
2024-08-08/10:59:15 AM	66602	111	M600	-2.1	1.576	0.317	95.25	94.42	94.83	10.18	-2.8	2.286	0.417	106.46	105.50	105.92	10.18	-2.9	2.349	0.452	104.47	103.59	103.99	10.18	-1.9	1.369	0.318	98.14	97.54	97.79	10.18	10.18	20.00	0.10
2024-08-08/11:09:15 AM	67202	112	M600	-4.8	2.042	0.766	95.65	94.79	95.21	10.02	-5.6	2.536	0.816	106.90	105.89	106.41	10.02	-5.3	2.276	0.792	104.89	103.93	104.47	10.02	-5.0	2.166	0.840	98.55	97.75	98.17	10.02	10.02	20.00	0.10
2024-08-08/11:19:15 AM	67802	113	M600	-2.8	0.548	0.440	95.88	95.03	95.44	9.84	-3.0	0.478	0.538	107.05	106.25	106.64	9.84	-3.1	0.571	0.510	105.10	104.19	104.70	9.84	-3.6	1.206	0.718	98.74	98.07	98.46	9.84	9.84	20.00	0.10
2024-08-08/11:29:15 AM	68402	114	M600	-2.9	0.791	0.422	95.93	94.97	95.52	9.69	-1.8	-0.467	0.248	107.06	106.17	106.61	9.69	-1.9	-0.345	0.251	105.22	104.27	104.69	9.69	-2.5	0.350	0.521	98.89	98.22	98.57	9.69	9.69	20.00	0.10
2024-08-08/11:39:15 AM	69002	115	M600	-2.1	-0.254	0.341	96.01	95.25	95.61	9.53	-2.0	-0.531	0.349	106.92	106.15	106.52	9.53	-2.2	-0.357	0.355	105.02	104.23	104.63	9.53	-2.2	-0.140	0.496	98.89	98.30	98.58	9.53	9.53	20.00	0.10
2024-08-08/11:49:15 AM	69602	116	M600	4.0	-2.686	0.597	95.90	94.96	95.44	9.45	4.8	-3.340	0.670	106.86	105.77	106.27	9.45	4.8	-3.349	0.666	104.97	103.81	104.37	9.45	4.1	-2.779	0.680	98.89	97.93	98.43	9.45	9.45	20.00	0.10
2024-08-08/11:59:15 AM	70202	117	M600	3.9	-2.095	0.714	95.45	94.55	95.00	9.57	3.8	-1.768	0.696	106.23	105.39	105.80	9.57	3.9	-1.873	0.673	104.34	103.42	103.90	9.57	3.8	-1.902	0.755	98.43	97.57	98.02	9.57	9.57	20.00	0.10
2024-08-08/12:09:15 PM	70802	118	M600	3.2	-1.475	0.638	95.09	94.19	94.70	9.69	2.3	-0.412	0.496	105.99	105.31	105.62	9.69	2.1	-0.234	0.409	104.04	103.37	103.73	9.69	3.0	-1.253	0.724	98.03	97.40	97.71	9.69	9.69	20.00	0.10
2024-08-08/12:19:15 PM	71402	119	M600	2.7	-1.001	0.519	94.88	94.09	94.49	9.81	1.6	0.294	0.312	105.91	105.27	105.60	9.81	1.7	0.148	0.307	104.07	103.39	103.72	9.81	2.6	-0.819	0.642	97.79	97.23	97.53	9.81	9.81	20.00	0.10
2024-08-08/12:29:15 PM	72002	120	M600	2.1	-0.443	0.446	94.72	94.08	94.39	9.93	1.3	0.580	0.213	106.05	105.28	105.70	9.93	1.4	0.419	0.225	104.24	103.43	103.78	9.93	2.1	-0.361	0.528	97.72	97.17	97.43	9.93	9.93	20.00	0.10
2024-08-08/12:39:15 PM	72602	121	M600	1.5	-0.055	0.327	94.68	94.06	94.36	10.05	1.0	0.699	0.141	106.16	105.36	105.80	10.05	0.8	0.818	0.096	104.23	103.48	103.89	10.05	1.7	-0.198	0.479	97.67	97.07	97.38	10.05	10.05	20.00	0.10
2024-08-08/12:49:15 PM	73202	122	M600	-0.8	1.206	0.064	94.78	94.04	94.38	10.14	-2.1	2.489	0.314	106.70	105.62	106.04	10.14	-1.3	1.719	0.147	104.57	103.72	104.08	10.14	-0.7	1.074	0.065	97.81	97.10	97.43	10.14	10.14	20.00	0.10
2024-08-08/12:59:15 PM	73802	123	M600	-4.7	2.235	0.775	95.17	94.26	94.74	10.02	-5.4	2.585	0.823	107.02	106.01	106.54	10.02	-5.3	2.600	0.825	105.01	103.98	104.54	10.02	-4.9	2.379	0.873	98.16	97.43	97.80	10.02	10.02	20.00	0.10
2024-08-08/1:09:15 PM	74402	124	M600	-4.2	1.743	0.788	95.45	94.69	95.10	9.85	-3.5	0.695	0.717	107.10	106.47	106.79	9.85	-3.5	0.826	0.730	105.07	104.40	104.79	9.85	-3.8	1.286	0.827	98.37	97.78	98.10	9.85	9.85	20.00	0.10
