Date & time of file creation	2024-08-11 1:51 PM																																	
Data file path	C:\Users\ry1ho\OneDrive\Desktop\Kenauk Respirometry   2024 RH\Respirometry Data Summer 2024\Trial 4 Aug 11 2024\2024-08-11_BrookTrout_EPOC_10c_Trial4.txt																																	
Raw data file path	C:\Users\ry1ho\OneDrive\Desktop\Kenauk Respirometry   2024 RH\Respirometry Data Summer 2024\Trial 4 Aug 11 2024\2024-08-11_BrookTrout_EPOC_10c_Trial4_raw.txt																																	
																																		
																																		
Parameter/Chamber	Wet weight [g]	Resp. volume [mL]	Fish length [cm]	Fractional error [%]	Chamber notes																													
Chamber 1	100	900	10																															
Chamber 2	100	900																																
Chamber 3	100	900																																
Chamber 4	100	900																																
																																		
																																		
Date &Time [DD-MM-YYYY/HH:MM:SS]	Time [sec]	Loop	Phase time [s]	CH 1 MO2 [mgO2/kg/hr]	CH 1 slope [mgO2/L/hr]	CH 1 R^2	CH 1 max O2 [mgO2/L]	CH 1 min O2 [mgO2/L]	CH 1 avg O2 [mgO2/L]	CH 1 avg temp [°C]	CH 2 MO2 [mgO2/kg/hr]	CH 2 slope [mgO2/L/hr]	CH 2 R^2	CH 2 max O2 [mgO2/L]	CH 2 min O2 [mgO2/L]	CH 2 avg O2 [mgO2/L]	CH 2 avg temp [°C]	CH 3 MO2 [mgO2/kg/hr]	CH 3 slope [mgO2/L/hr]	CH 3 R^2	CH 3 max O2 [mgO2/L]	CH 3 min O2 [mgO2/L]	CH 3 avg O2 [mgO2/L]	CH 3 avg temp [°C]	CH 4 MO2 [mgO2/kg/hr]	CH 4 slope [mgO2/L/hr]	CH 4 R^2	CH 4 max O2 [mgO2/L]	CH 4 min O2 [mgO2/L]	CH 4 avg O2 [mgO2/L]	CH 4 avg temp [°C]	AMB temp N°1 avg temp [°C]	AMB temp N°1 setpoint [°C]	AMB temp N°1 hysteresis [°C]
2024-08-11/2:07:11 PM	901	1	F300/W1/M600	49.8	-5.529	0.969	11.28	10.42	10.94	9.72	-0.3	0.029	0.013	11.40	11.31	11.36	9.72	-0.8	0.085	0.127	11.57	11.50	11.53	9.72	-1.4	0.151	0.320	11.30	11.21	11.25	9.72	9.76	20.00	0.10
2024-08-11/2:22:12 PM	1802	2	F300/W1/M600	44.5	-4.941	0.989	11.15	10.34	10.78	9.81	68.6	-7.624	0.987	11.33	10.19	10.82	9.81	0.4	-0.048	0.034	11.50	11.43	11.46	9.81	0.9	-0.099	0.151	11.21	11.14	11.18	9.81	9.77	20.00	0.10
2024-08-11/2:37:13 PM	2703	3	F300/W1/M600	32.5	-3.606	0.993	11.10	10.52	10.83	10.08	49.9	-5.549	0.996	11.12	10.21	10.68	10.08	87.0	-9.666	0.951	11.46	9.97	10.89	10.08	-0.6	0.068	0.058	11.14	11.06	11.11	10.08	10.03	20.00	0.10
2024-08-11/2:52:14 PM	3604	4	F300/W1/M600	25.0	-2.781	0.990	11.08	10.63	10.88	9.97	38.6	-4.285	0.997	11.15	10.44	10.81	9.97	84.2	-9.351	0.996	11.10	9.65	10.44	9.97	52.2	-5.795	0.980	11.13	10.23	10.75	9.97	10.02	20.00	0.10
2024-08-11/3:07:15 PM	4505	5	F300/W1/M600	28.0	-3.116	0.994	11.01	10.50	10.77	9.71	40.7	-4.523	0.996	11.07	10.33	10.72	9.71	78.1	-8.676	0.995	11.09	9.69	10.47	9.71	38.5	-4.272	0.998	10.97	10.28	10.63	9.71	9.75	20.00	0.10
2024-08-11/3:22:16 PM	5406	6	F300/W1/M600	27.9	-3.099	0.993	10.90	10.39	10.67	9.71	44.5	-4.941	0.997	10.95	10.18	10.59	9.71	101.4	-11.266	0.996	10.99	9.22	10.19	9.71	36.6	-4.065	0.998	10.88	10.22	10.57	9.71	9.67	20.00	0.10
2024-08-11/3:37:17 PM	6307	7	F300/W1/M600	26.7	-2.971	0.994	10.84	10.35	10.62	9.85	46.7	-5.188	0.996	10.92	10.08	10.54	9.85	103.2	-11.464	0.991	10.89	9.17	10.13	9.85	36.8	-4.086	0.997	10.84	10.19	10.53	9.85	9.83	20.00	0.10
2024-08-11/3:52:18 PM	7208	8	F300/W1/M600	24.7	-2.742	0.993	10.80	10.34	10.59	9.99	60.5	-6.718	0.980	10.86	9.78	10.40	9.99	83.8	-9.311	0.989	10.87	9.39	10.24	9.99	46.6	-5.182	0.995	10.78	9.92	10.38	9.99	9.96	20.00	0.10
2024-08-11/4:07:19 PM	8109	9	F300/W1/M600	20.9	-2.321	0.988	10.74	10.36	10.57	10.11	57.9	-6.428	0.996	10.78	9.79	10.32	10.11	100.6	-11.181	0.993	10.82	9.13	10.05	10.11	45.8	-5.090	0.994	10.72	9.90	10.34	10.11	10.09	20.00	0.10
2024-08-11/4:22:20 PM	9010	10	F300/W1/M600	12.6	-1.399	0.983	10.70	10.46	10.58	10.12	61.5	-6.833	0.995	10.74	9.63	10.23	10.12	80.5	-8.946	0.995	10.73	9.29	10.10	10.12	43.4	-4.828	0.988	10.67	9.85	10.28	10.12	10.13	20.00	0.10
2024-08-11/4:37:21 PM	9911	11	F300/W1/M600	36.5	-4.051	0.937	10.76	10.08	10.51	9.80	70.0	-7.774	0.996	10.78	9.52	10.22	9.80	91.7	-10.185	0.996	10.83	9.26	10.10	9.80	47.0	-5.223	0.994	10.69	9.88	10.32	9.80	9.85	20.00	0.10
2024-08-11/4:52:22 PM	10812	12	F300/W1/M600	48.6	-5.398	0.997	10.67	9.77	10.25	9.73	75.7	-8.416	0.997	10.73	9.36	10.10	9.73	97.7	-10.857	0.991	10.76	9.07	10.02	9.73	58.7	-6.525	0.997	10.66	9.58	10.12	9.73	9.70	20.00	0.10
2024-08-11/5:07:23 PM	11713	13	F300/W1/M600	50.3	-5.584	0.995	10.55	9.67	10.15	9.84	77.7	-8.633	0.994	10.62	9.26	10.01	9.84	92.0	-10.221	0.989	10.66	9.11	9.97	9.84	58.6	-6.516	0.991	10.58	9.59	10.11	9.84	9.83	20.00	0.10
2024-08-11/5:22:24 PM	12614	14	F300/W1/M600	49.0	-5.449	0.989	10.52	9.65	10.14	9.93	77.9	-8.661	0.994	10.58	9.22	9.97	9.93	77.3	-8.587	0.978	10.68	9.33	10.12	9.93	56.4	-6.269	0.996	10.53	9.53	10.07	9.93	9.92	20.00	0.10
2024-08-11/5:37:25 PM	13515	15	F300/W1/M600	38.5	-4.282	0.990	10.51	9.82	10.21	10.02	82.0	-9.108	0.996	10.56	9.13	9.91	10.02	84.4	-9.380	0.991	10.63	9.21	10.00	10.02	60.8	-6.751	0.994	10.50	9.46	10.01	10.02	10.01	20.00	0.10
2024-08-11/5:52:26 PM	14416	16	F300/W1/M600	43.1	-4.783	0.994	10.49	9.75	10.15	10.11	77.3	-8.585	0.993	10.51	9.17	9.91	10.11	67.4	-7.489	0.987	10.61	9.39	10.11	10.11	59.4	-6.600	0.993	10.45	9.43	9.98	10.11	10.10	20.00	0.10
2024-08-11/6:07:27 PM	15317	17	F300/W1/M600	47.9	-5.317	0.991	10.46	9.63	10.10	10.20	87.1	-9.683	0.995	10.48	8.95	9.79	10.20	87.0	-9.663	0.993	10.59	9.07	9.91	10.20	59.9	-6.658	0.991	10.42	9.32	9.94	10.20	10.18	20.00	0.10
2024-08-11/6:22:28 PM	16218	18	F300/W1/M600	48.5	-5.386	0.987	10.42	9.56	10.05	10.28	86.5	-9.606	0.997	10.43	8.90	9.73	10.28	91.6	-10.182	0.982	10.53	9.01	9.87	10.28	64.1	-7.120	0.995	10.40	9.28	9.87	10.28	10.27	20.00	0.10
2024-08-11/6:37:29 PM	17119	19	F300/W1/M600	33.9	-3.766	0.991	10.39	9.79	10.12	10.16	80.1	-8.903	0.996	10.42	9.02	9.78	10.16	91.0	-10.108	0.991	10.54	8.99	9.84	10.16	50.2	-5.576	0.995	10.39	9.49	9.96	10.16	10.22	20.00	0.10
2024-08-11/6:52:30 PM	18020	20	F300/W1/M600	35.5	-3.948	0.990	10.47	9.83	10.18	9.83	76.8	-8.538	0.996	10.49	9.15	9.86	9.83	81.9	-9.097	0.993	10.56	9.17	9.91	9.83	58.4	-6.487	0.993	10.43	9.45	9.97	9.83	9.88	20.00	0.10
2024-08-11/7:07:31 PM	18921	21	F300/W1/M600	37.1	-4.123	0.979	10.40	9.74	10.12	9.84	77.5	-8.606	0.996	10.41	9.02	9.78	9.84	87.6	-9.730	0.991	10.50	8.99	9.85	9.84	64.1	-7.124	0.997	10.34	9.22	9.81	9.84	9.82	20.00	0.10
2024-08-11/7:22:32 PM	19822	22	F300/W1/M600	32.1	-3.564	0.988	10.41	9.83	10.15	9.93	82.2	-9.129	0.995	10.41	8.98	9.76	9.93	71.9	-7.990	0.993	10.52	9.24	9.97	9.93	66.9	-7.432	0.995	10.38	9.26	9.84	9.93	9.92	20.00	0.10
2024-08-11/7:37:33 PM	20723	23	F300/W1/M600	37.0	-4.107	0.984	10.40	9.75	10.12	10.02	75.0	-8.332	0.987	10.41	9.11	9.86	10.02	50.8	-5.640	0.976	10.60	9.68	10.23	10.02	55.8	-6.197	0.995	10.37	9.33	9.87	10.02	10.01	20.00	0.10
2024-08-11/7:52:34 PM	21624	24	F300/W1/M600	36.0	-3.995	0.993	10.43	9.78	10.13	10.10	82.1	-9.117	0.996	10.42	8.98	9.77	10.10	71.5	-7.945	0.983	10.57	9.29	10.05	10.10	64.8	-7.203	0.997	10.39	9.23	9.81	10.10	10.09	20.00	0.10
2024-08-11/8:07:35 PM	22525	25	F300/W1/M600	34.3	-3.813	0.964	10.41	9.77	10.17	10.19	90.3	-10.038	0.999	10.42	8.82	9.66	10.19	89.4	-9.930	0.994	10.52	8.96	9.82	10.19	66.7	-7.409	0.997	10.37	9.20	9.80	10.19	10.17	20.00	0.10
2024-08-11/8:22:36 PM	23426	26	F300/W1/M600	49.9	-5.540	0.993	10.37	9.48	9.98	10.26	85.9	-9.540	0.995	10.39	8.88	9.70	10.26	49.2	-5.462	0.992	10.52	9.67	10.12	10.26	54.8	-6.089	0.965	10.35	9.40	9.98	10.26	10.25	20.00	0.10
2024-08-11/8:37:37 PM	24327	27	F300/W1/M600	28.3	-3.148	0.963	10.36	9.82	10.16	10.33	81.4	-9.049	0.998	10.42	8.98	9.72	10.33	37.4	-4.154	0.989	10.61	9.98	10.31	10.33	62.2	-6.916	0.995	10.38	9.29	9.84	10.33	10.32	20.00	0.10
2024-08-11/8:52:38 PM	25228	28	F300/W1/M600	31.0	-3.440	0.980	10.48	9.90	10.24	10.02	33.5	-3.722	0.992	10.53	9.91	10.22	10.02	36.0	-4.004	0.994	10.70	10.05	10.40	10.02	28.0	-3.107	0.987	10.42	9.89	10.18	10.02	10.07	20.00	0.10
2024-08-11/9:07:39 PM	26129	29	F300/W1/M600	12.9	-1.431	0.945	10.56	10.31	10.45	9.78	28.6	-3.174	0.987	10.65	10.14	10.41	9.78	36.4	-4.046	0.979	10.78	10.14	10.51	9.78	27.8	-3.086	0.989	10.51	10.01	10.28	9.78	9.80	20.00	0.10
2024-08-11/9:22:40 PM	27030	30	F300/W1/M600	10.1	-1.123	0.961	10.56	10.36	10.48	9.90	25.2	-2.805	0.993	10.62	10.17	10.41	9.90	35.5	-3.949	0.988	10.78	10.15	10.50	9.90	25.7	-2.853	0.991	10.51	10.06	10.30	9.90	9.89	20.00	0.10
2024-08-11/9:37:41 PM	27931	31	F300/W1/M600	10.8	-1.200	0.965	10.63	10.40	10.53	9.98	26.5	-2.941	0.991	10.69	10.22	10.48	9.98	38.5	-4.277	0.990	10.82	10.14	10.52	9.98	24.1	-2.680	0.989	10.57	10.13	10.38	9.98	9.97	20.00	0.10
2024-08-11/9:52:42 PM	28832	32	F300/W1/M600	13.0	-1.440	0.977	10.67	10.41	10.56	10.07	23.2	-2.575	0.990	10.73	10.31	10.54	10.07	39.2	-4.352	0.992	10.86	10.14	10.54	10.07	28.5	-3.168	0.981	10.63	10.12	10.41	10.07	10.06	20.00	0.10
2024-08-11/10:07:43 PM	29733	33	F300/W1/M600	10.7	-1.187	0.978	10.70	10.49	10.60	10.15	29.0	-3.225	0.994	10.77	10.25	10.51	10.15	36.4	-4.041	0.984	10.89	10.24	10.61	10.15	29.7	-3.302	0.968	10.63	10.08	10.42	10.15	10.14	20.00	0.10
2024-08-11/10:22:44 PM	30634	34	F300/W1/M600	12.2	-1.357	0.982	10.72	10.48	10.61	10.22	23.2	-2.578	0.992	10.78	10.36	10.59	10.22	35.6	-3.954	0.986	10.88	10.26	10.61	10.22	58.0	-6.446	0.996	10.62	9.56	10.13	10.22	10.21	20.00	0.10
2024-08-11/10:37:45 PM	31535	35	F300/W1/M600	12.6	-1.400	0.971	10.72	10.47	10.61	10.30	26.8	-2.973	0.979	10.77	10.29	10.57	10.30	41.6	-4.627	0.989	10.88	10.16	10.56	10.30	32.7	-3.639	0.986	10.62	10.00	10.29	10.30	10.29	20.00	0.10
2024-08-11/10:52:46 PM	32436	36	F300/W1/M600	7.0	-0.782	0.938	10.72	10.56	10.64	10.29	17.8	-1.976	0.992	10.78	10.44	10.62	10.29	31.9	-3.548	0.985	10.89	10.33	10.64	10.29	19.7	-2.194	0.993	10.65	10.28	10.47	10.29	10.31	20.00	0.10
2024-08-11/11:07:47 PM	33337	37	F300/W1/M600	13.1	-1.460	0.976	10.83	10.58	10.71	9.93	22.3	-2.482	0.993	10.91	10.50	10.71	9.93	28.9	-3.214	0.985	11.00	10.47	10.78	9.93	17.9	-1.994	0.993	10.72	10.38	10.56	9.93	9.99	20.00	0.10
2024-08-11/11:22:48 PM	34238	38	F300/W1/M600	15.8	-1.752	0.961	10.76	10.45	10.64	9.91	26.7	-2.971	0.991	10.82	10.34	10.61	9.91	37.8	-4.199	0.982	10.94	10.28	10.66	9.91	22.6	-2.515	0.992	10.71	10.29	10.52	9.91	9.88	20.00	0.10
2024-08-11/11:37:49 PM	35139	39	F300/W1/M600	24.2	-2.693	0.967	10.75	10.29	10.57	9.99	27.1	-3.007	0.995	10.85	10.36	10.63	9.99	38.6	-4.291	0.990	10.95	10.27	10.65	9.99	25.3	-2.810	0.989	10.73	10.26	10.53	9.99	9.98	20.00	0.10
2024-08-11/11:52:50 PM	36040	40	F300/W1/M600	36.9	-4.102	0.993	10.74	10.11	10.44	10.06	28.9	-3.211	0.992	10.86	10.33	10.62	10.06	37.4	-4.156	0.970	10.91	10.28	10.66	10.06	23.0	-2.557	0.992	10.73	10.32	10.54	10.06	10.05	20.00	0.10
2024-08-12/12:07:51 AM	36941	41	F300/W1/M600	36.9	-4.105	0.975	10.72	10.09	10.46	10.13	26.8	-2.981	0.996	10.83	10.37	10.61	10.13	34.9	-3.876	0.984	10.94	10.33	10.68	10.13	23.7	-2.629	0.993	10.73	10.31	10.54	10.13	10.12	20.00	0.10
2024-08-12/12:22:52 AM	37842	42	F300/W1/M600	14.2	-1.580	0.973	10.75	10.47	10.63	10.20	26.8	-2.975	0.993	10.86	10.39	10.64	10.20	33.6	-3.734	0.987	10.92	10.32	10.67	10.20	23.5	-2.615	0.992	10.73	10.29	10.53	10.20	10.19	20.00	0.10
2024-08-12/12:37:53 AM	38743	43	F300/W1/M600	29.0	-3.220	0.987	10.76	10.27	10.55	10.27	27.3	-3.036	0.995	10.85	10.36	10.63	10.27	37.9	-4.215	0.979	10.94	10.27	10.67	10.27	39.0	-4.333	0.990	10.73	10.06	10.43	10.27	10.26	20.00	0.10
2024-08-12/12:52:54 AM	39644	44	F300/W1/M600	17.4	-1.928	0.987	10.69	10.38	10.53	10.34	28.1	-3.127	0.995	10.83	10.33	10.59	10.34	46.2	-5.128	0.970	10.89	10.10	10.58	10.34	63.3	-7.037	0.993	10.66	9.60	10.14	10.34	10.33	20.00	0.10
2024-08-12/1:07:55 AM	40545	45	F300/W1/M600	3.7	-0.415	0.754	10.75	10.66	10.71	10.22	26.7	-2.970	0.947	10.82	10.32	10.63	10.22	26.1	-2.898	0.963	10.91	10.42	10.72	10.22	17.4	-1.932	0.980	10.67	10.35	10.53	10.22	10.27	20.00	0.10
2024-08-12/1:22:56 AM	41446	46	F300/W1/M600	6.0	-0.671	0.766	10.84	10.67	10.78	9.88	28.7	-3.187	0.987	10.89	10.34	10.65	9.88	27.0	-3.005	0.966	11.00	10.46	10.78	9.88	18.1	-2.011	0.971	10.76	10.38	10.60	9.88	9.93	20.00	0.10
2024-08-12/1:37:57 AM	42347	47	F300/W1/M600	9.5	-1.061	0.980	10.76	10.57	10.67	9.94	24.7	-2.742	0.985	10.81	10.38	10.62	9.94	34.6	-3.847	0.978	10.93	10.31	10.67	9.94	21.4	-2.382	0.993	10.72	10.33	10.54	9.94	9.93	20.00	0.10
2024-08-12/1:52:58 AM	43248	48	F300/W1/M600	9.0	-1.000	0.965	10.77	10.59	10.69	10.02	26.4	-2.934	0.992	10.87	10.40	10.65	10.02	32.0	-3.554	0.984	10.97	10.40	10.72	10.02	21.9	-2.430	0.994	10.74	10.35	10.56	10.02	10.01	20.00	0.10
2024-08-12/2:07:59 AM	44149	49	F300/W1/M600	9.7	-1.080	0.975	10.79	10.61	10.71	10.09	25.2	-2.795	0.992	10.87	10.42	10.67	10.09	31.8	-3.535	0.982	10.95	10.40	10.72	10.09	31.0	-3.442	0.975	10.75	10.15	10.50	10.09	10.08	20.00	0.10
2024-08-12/2:23:00 AM	45050	50	F300/W1/M600	11.0	-1.220	0.977	10.80	10.58	10.70	10.15	29.7	-3.301	0.987	10.88	10.31	10.63	10.15	33.6	-3.730	0.980	10.96	10.36	10.71	10.15	34.0	-3.774	0.983	10.70	9.98	10.37	10.15	10.14	20.00	0.10
2024-08-12/2:38:01 AM	45951	51	F300/W1/M600	9.4	-1.042	0.965	10.78	10.58	10.69	10.21	24.8	-2.760	0.993	10.86	10.40	10.65	10.21	32.5	-3.611	0.983	10.96	10.38	10.71	10.21	63.9	-7.098	0.997	10.71	9.61	10.18	10.21	10.21	20.00	0.10
2024-08-12/2:53:02 AM	46852	52	F300/W1/M600	11.0	-1.226	0.968	10.77	10.56	10.67	10.28	23.3	-2.594	0.992	10.85	10.42	10.66	10.28	37.6	-4.183	0.986	10.92	10.26	10.64	10.28	40.7	-4.524	0.964	10.70	9.96	10.28	10.28	10.27	20.00	0.10
2024-08-12/3:08:03 AM	47753	53	F300/W1/M600	9.0	-0.998	0.947	10.76	10.58	10.67	10.34	24.7	-2.748	0.994	10.84	10.39	10.63	10.34	32.8	-3.640	0.981	10.91	10.33	10.67	10.34	23.1	-2.569	0.991	10.70	10.28	10.51	10.34	10.33	20.00	0.10
2024-08-12/3:23:04 AM	48654	54	F300/W1/M600	10.5	-1.169	0.966	10.76	10.56	10.66	10.39	23.2	-2.577	0.986	10.82	10.38	10.63	10.39	37.0	-4.110	0.992	10.94	10.28	10.63	10.39	23.1	-2.561	0.994	10.71	10.29	10.51	10.39	10.39	20.00	0.10
2024-08-12/3:38:05 AM	49555	55	F300/W1/M600	1.6	-0.172	0.294	10.78	10.71	10.74	10.27	17.2	-1.907	0.966	10.84	10.52	10.71	10.27	32.1	-3.570	0.963	10.95	10.38	10.71	10.27	47.4	-5.268	0.987	10.70	9.89	10.34	10.27	10.32	20.00	0.10
2024-08-12/3:53:06 AM	50456	56	F300/W1/M600	7.4	-0.819	0.800	10.87	10.69	10.79	9.92	21.7	-2.413	0.963	10.93	10.51	10.75	9.92	31.5	-3.505	0.967	10.99	10.41	10.75	9.92	40.0	-4.448	0.976	10.76	10.00	10.33	9.92	9.97	20.00	0.10
2024-08-12/4:08:07 AM	51357	57	F300/W1/M600	9.4	-1.044	0.960	10.77	10.57	10.68	9.99	23.4	-2.605	0.990	10.85	10.43	10.66	9.99	34.3	-3.813	0.971	10.93	10.30	10.69	9.99	24.4	-2.706	0.990	10.72	10.29	10.52	9.99	9.98	20.00	0.10
2024-08-12/4:23:08 AM	52258	58	F300/W1/M600	9.2	-1.028	0.953	10.79	10.60	10.70	10.05	25.7	-2.853	0.985	10.88	10.39	10.66	10.05	33.5	-3.722	0.980	10.95	10.34	10.70	10.05	26.6	-2.957	0.991	10.75	10.27	10.53	10.05	10.04	20.00	0.10
2024-08-12/4:38:09 AM	53159	59	F300/W1/M600	10.3	-1.140	0.962	10.79	10.58	10.70	10.10	43.4	-4.824	0.992	10.84	10.09	10.49	10.10	36.2	-4.017	0.985	10.96	10.32	10.68	10.10	19.6	-2.178	0.989	10.74	10.37	10.57	10.10	10.10	20.00	0.10
2024-08-12/4:53:10 AM	54060	60	F300/W1/M600	12.1	-1.343	0.970	10.78	10.55	10.67	10.15	36.9	-4.095	0.980	10.84	10.18	10.55	10.15	32.2	-3.578	0.985	10.94	10.37	10.70	10.15	21.3	-2.367	0.986	10.75	10.34	10.57	10.15	10.15	20.00	0.10
2024-08-12/5:08:11 AM	54961	61	F300/W1/M600	11.9	-1.318	0.944	10.78	10.55	10.68	10.21	24.1	-2.679	0.996	10.83	10.38	10.61	10.21	35.7	-3.971	0.975	10.93	10.28	10.68	10.21	51.6	-5.734	0.995	10.73	9.81	10.29	10.21	10.20	20.00	0.10
2024-08-12/5:23:12 AM	55862	62	F300/W1/M600	9.5	-1.057	0.958	10.77	10.57	10.68	10.26	23.1	-2.566	0.992	10.86	10.42	10.65	10.26	32.1	-3.567	0.983	10.91	10.34	10.67	10.26	50.8	-5.641	0.979	10.69	9.80	10.21	10.26	10.26	20.00	0.10
2024-08-12/5:38:13 AM	56763	63	F300/W1/M600	11.2	-1.239	0.954	10.76	10.53	10.66	10.32	26.5	-2.945	0.995	10.84	10.35	10.61	10.32	41.5	-4.606	0.969	10.91	10.18	10.62	10.32	21.5	-2.386	0.992	10.71	10.31	10.52	10.32	10.31	20.00	0.10
2024-08-12/5:53:14 AM	57664	64	F300/W1/M600	14.4	-1.604	0.984	10.73	10.46	10.60	10.37	35.3	-3.922	0.989	10.82	10.16	10.54	10.37	75.6	-8.404	0.984	10.83	9.50	10.28	10.37	21.0	-2.333	0.991	10.70	10.31	10.52	10.37	10.37	20.00	0.10
2024-08-12/6:08:15 AM	58565	65	F300/W1/M600	14.5	-1.606	0.974	10.70	10.44	10.59	10.42	44.9	-4.990	0.983	10.74	9.96	10.41	10.42	35.2	-3.907	0.975	10.83	10.21	10.56	10.42	21.0	-2.338	0.989	10.66	10.29	10.49	10.42	10.41	20.00	0.10
2024-08-12/6:23:16 AM	59466	66	F300/W1/M600	18.1	-2.009	0.970	10.77	10.45	10.62	10.09	59.2	-6.583	0.996	10.81	9.75	10.32	10.09	46.6	-5.181	0.950	10.91	10.05	10.60	10.09	14.9	-1.656	0.988	10.74	10.44	10.60	10.09	10.14	20.00	0.10
2024-08-12/6:38:17 AM	60367	67	F300/W1/M600	24.9	-2.769	0.991	10.79	10.31	10.56	9.93	67.9	-7.547	0.996	10.79	9.54	10.22	9.93	38.9	-4.323	0.991	10.94	10.23	10.60	9.93	22.1	-2.455	0.982	10.78	10.32	10.54	9.93	9.92	20.00	0.10
2024-08-12/6:53:18 AM	61268	68	F300/W1/M600	17.5	-1.943	0.975	10.66	10.33	10.52	10.02	64.9	-7.213	0.995	10.70	9.55	10.19	10.02	37.2	-4.135	0.974	10.85	10.22	10.58	10.02	19.9	-2.212	0.994	10.70	10.32	10.52	10.02	10.01	20.00	0.10
2024-08-12/7:08:19 AM	62169	69	F300/W1/M600	14.2	-1.577	0.984	10.66	10.39	10.54	10.08	78.4	-8.711	0.994	10.69	9.35	10.07	10.08	35.4	-3.932	0.980	10.83	10.22	10.57	10.08	20.9	-2.319	0.994	10.70	10.31	10.52	10.08	10.08	20.00	0.10
2024-08-12/7:23:20 AM	63070	70	F300/W1/M600	24.2	-2.685	0.991	10.64	10.22	10.45	10.15	78.4	-8.709	0.992	10.66	9.27	10.06	10.15	38.6	-4.289	0.964	10.82	10.14	10.55	10.15	19.8	-2.200	0.991	10.66	10.30	10.49	10.15	10.14	20.00	0.10
2024-08-12/7:38:21 AM	63971	71	F300/W1/M600	19.8	-2.201	0.985	10.62	10.25	10.46	10.22	76.6	-8.514	0.996	10.65	9.33	10.05	10.22	58.1	-6.459	0.960	10.77	9.74	10.38	10.22	20.4	-2.264	0.994	10.67	10.29	10.48	10.22	10.21	20.00	0.10
2024-08-12/7:53:22 AM	64872	72	F300/W1/M600	25.5	-2.839	0.984	10.61	10.15	10.41	10.29	73.9	-8.208	0.990	10.59	9.29	10.04	10.29	34.2	-3.795	0.966	10.75	10.15	10.51	10.29	20.5	-2.274	0.995	10.63	10.26	10.46	10.29	10.28	20.00	0.10
2024-08-12/8:08:23 AM	65773	73	F300/W1/M600	30.9	-3.436	0.994	10.58	10.04	10.32	10.36	79.3	-8.812	0.995	10.58	9.18	9.96	10.36	33.7	-3.746	0.974	10.77	10.19	10.53	10.36	21.3	-2.363	0.995	10.62	10.23	10.44	10.36	10.35	20.00	0.10
2024-08-12/8:23:24 AM	66674	74	F300/W1/M600	22.5	-2.502	0.954	10.65	10.21	10.48	10.14	80.1	-8.904	0.994	10.67	9.24	10.04	10.14	25.9	-2.881	0.979	10.83	10.36	10.63	10.14	22.8	-2.531	0.982	10.67	10.26	10.49	10.14	10.20	20.00	0.10
2024-08-12/8:38:25 AM	67575	75	F300/W1/M600	34.4	-3.819	0.985	10.66	10.06	10.39	9.82	45.9	-5.105	0.963	10.73	9.87	10.39	9.82	31.9	-3.548	0.953	10.86	10.28	10.63	9.82	29.2	-3.242	0.989	10.65	10.13	10.41	9.82	9.86	20.00	0.10
2024-08-12/8:53:26 AM	68476	76	F300/W1/M600	20.9	-2.327	0.989	10.60	10.22	10.43	9.91	22.6	-2.507	0.989	10.64	10.24	10.46	9.91	33.5	-3.718	0.982	10.82	10.22	10.56	9.91	21.4	-2.378	0.993	10.58	10.19	10.40	9.91	9.89	20.00	0.10
2024-08-12/9:08:27 AM	69377	77	F300/W1/M600	19.6	-2.177	0.932	10.64	10.26	10.51	10.00	24.1	-2.677	0.984	10.73	10.29	10.54	10.00	35.3	-3.921	0.967	10.81	10.19	10.56	10.00	29.9	-3.320	0.985	10.63	10.11	10.37	10.00	9.98	20.00	0.10
2024-08-12/9:23:28 AM	70278	78	F300/W1/M600	33.7	-3.748	0.988	10.64	10.05	10.39	10.09	25.3	-2.807	0.994	10.77	10.32	10.56	10.09	33.8	-3.755	0.978	10.84	10.25	10.59	10.09	20.4	-2.262	0.992	10.65	10.28	10.48	10.09	10.07	20.00	0.10
2024-08-12/9:38:29 AM	71179	79	F300/W1/M600	16.4	-1.827	0.988	10.63	10.34	10.48	10.18	25.9	-2.874	0.993	10.78	10.31	10.57	10.18	37.9	-4.212	0.963	10.84	10.17	10.58	10.18	22.8	-2.529	0.983	10.66	10.25	10.48	10.18	10.16	20.00	0.10
2024-08-12/9:53:30 AM	72080	80	F300/W1/M600	12.5	-1.390	0.986	10.68	10.44	10.56	10.27	25.1	-2.788	0.994	10.78	10.32	10.57	10.27	70.2	-7.802	0.977	10.78	9.58	10.29	10.27	20.6	-2.286	0.991	10.65	10.27	10.48	10.27	10.26	20.00	0.10
2024-08-12/10:08:31 AM	72981	81	F300/W1/M600	3.0	-0.332	0.627	10.69	10.59	10.65	10.21	18.0	-1.999	0.983	10.78	10.44	10.62	10.21	84.6	-9.395	0.987	10.68	9.21	10.06	10.21	13.6	-1.511	0.967	10.64	10.37	10.53	10.21	10.25	20.00	0.10
2024-08-12/10:23:32 AM	73882	82	F300/W1/M600	4.5	-0.504	0.894	10.78	10.66	10.72	9.87	19.7	-2.194	0.993	10.87	10.50	10.69	9.87	44.0	-4.884	0.995	10.78	10.03	10.42	9.87	14.5	-1.615	0.987	10.69	10.41	10.56	9.87	9.92	20.00	0.10
2024-08-12/10:38:33 AM	74783	83	F300/W1/M600	11.1	-1.232	0.957	10.81	10.56	10.67	9.78	25.8	-2.870	0.994	10.91	10.40	10.64	9.78	35.3	-3.921	0.988	10.91	10.28	10.63	9.78	22.8	-2.537	0.993	10.74	10.30	10.51	9.78	9.75	20.00	0.10
2024-08-12/10:53:34 AM	75684	84	F300/W1/M600	10.6	-1.178	0.968	10.74	10.55	10.66	9.90	26.7	-2.972	0.991	10.83	10.36	10.62	9.90	31.9	-3.550	0.967	10.89	10.30	10.66	9.90	19.9	-2.212	0.991	10.71	10.36	10.55	9.90	9.88	20.00	0.10
2024-08-12/11:08:35 AM	76585	85	F300/W1/M600	12.4	-1.374	0.965	10.76	10.53	10.66	10.02	25.3	-2.806	0.992	10.85	10.40	10.65	10.02	32.6	-3.620	0.961	10.91	10.33	10.68	10.02	20.2	-2.246	0.991	10.72	10.36	10.56	10.02	10.00	20.00	0.10
2024-08-12/11:23:36 AM	77486	86	F300/W1/M600	11.0	-1.220	0.958	10.77	10.55	10.67	10.12	25.3	-2.810	0.992	10.86	10.39	10.65	10.12	36.0	-3.996	0.969	10.92	10.29	10.67	10.12	23.5	-2.613	0.987	10.72	10.30	10.54	10.12	10.11	20.00	0.10
2024-08-12/11:38:37 AM	78387	87	F300/W1/M600	10.4	-1.158	0.960	10.76	10.56	10.68	10.24	25.7	-2.852	0.993	10.84	10.38	10.63	10.24	32.2	-3.579	0.981	10.90	10.34	10.67	10.24	41.7	-4.639	0.982	10.71	9.96	10.40	10.24	10.22	20.00	0.10
2024-08-12/11:53:38 AM	79288	88	F300/W1/M600	6.3	-0.696	0.890	10.83	10.68	10.76	10.08	20.1	-2.233	0.989	10.91	10.53	10.74	10.08	29.7	-3.299	0.967	10.98	10.44	10.76	10.08	17.3	-1.924	0.984	10.75	10.43	10.61	10.08	10.15	20.00	0.10
2024-08-12/12:08:39 PM	80189	89	F300/W1/M600	4.4	-0.487	0.854	10.87	10.75	10.81	9.78	20.2	-2.242	0.992	10.96	10.58	10.78	9.78	29.7	-3.302	0.967	11.00	10.45	10.78	9.78	15.1	-1.681	0.987	10.81	10.52	10.67	9.78	9.82	20.00	0.10
2024-08-12/12:23:40 PM	81090	90	F300/W1/M600	9.6	-1.064	0.958	10.79	10.58	10.70	9.83	25.3	-2.811	0.990	10.90	10.42	10.68	9.83	36.2	-4.026	0.967	10.94	10.31	10.69	9.83	19.8	-2.199	0.986	10.77	10.40	10.61	9.83	9.80	20.00	0.10
2024-08-12/12:38:41 PM	81991	91	F300/W1/M600	9.5	-1.054	0.949	10.80	10.59	10.71	9.95	24.6	-2.731	0.990	10.90	10.45	10.69	9.95	28.8	-3.200	0.962	10.97	10.44	10.76	9.95	32.6	-3.619	0.944	10.79	10.18	10.56	9.95	9.93	20.00	0.10
2024-08-12/12:53:42 PM	82892	92	F300/W1/M600	10.4	-1.150	0.938	10.80	10.59	10.71	10.07	27.6	-3.062	0.989	10.90	10.40	10.68	10.07	39.7	-4.410	0.947	10.97	10.25	10.70	10.07	19.7	-2.191	0.984	10.74	10.37	10.57	10.07	10.05	20.00	0.10
2024-08-12/1:08:43 PM	83793	93	F300/W1/M600	10.9	-1.212	0.969	10.79	10.55	10.68	10.19	27.1	-3.006	0.995	10.87	10.38	10.63	10.19	36.2	-4.024	0.970	10.95	10.32	10.68	10.19	20.7	-2.301	0.987	10.75	10.36	10.57	10.19	10.18	20.00	0.10
2024-08-12/1:23:44 PM	84694	94	F300/W1/M600	7.4	-0.820	0.855	10.85	10.66	10.78	10.07	20.5	-2.283	0.988	10.94	10.56	10.76	10.07	38.0	-4.227	0.930	11.00	10.27	10.74	10.07	20.3	-2.253	0.954	10.78	10.37	10.61	10.07	10.13	20.00	0.10
2024-08-12/1:38:45 PM	85595	95	F300/W1/M600	17.2	-1.909	0.973	10.87	10.55	10.72	9.77	20.9	-2.321	0.989	10.98	10.57	10.79	9.77	33.5	-3.721	0.993	10.96	10.33	10.66	9.77	18.9	-2.097	0.986	10.81	10.45	10.62	9.77	9.81	20.00	0.10
2024-08-12/1:53:46 PM	86496	96	F300/W1/M600	10.2	-1.132	0.953	10.78	10.58	10.69	9.82	27.1	-3.009	0.992	10.89	10.40	10.67	9.82	28.2	-3.131	0.963	10.94	10.42	10.73	9.82	21.1	-2.339	0.987	10.75	10.35	10.57	9.82	9.78	20.00	0.10
2024-08-12/2:08:47 PM	87397	97	F300/W1/M600	11.3	-1.252	0.962	10.80	10.57	10.69	9.98	25.4	-2.819	0.986	10.90	10.43	10.68	9.98	31.0	-3.447	0.971	10.96	10.41	10.73	9.98	21.0	-2.331	0.984	10.75	10.37	10.58	9.98	9.96	20.00	0.10
2024-08-12/2:23:48 PM	88298	98	F300/W1/M600	10.7	-1.184	0.946	10.80	10.59	10.71	10.13	26.2	-2.907	0.989	10.91	10.42	10.68	10.13	34.0	-3.782	0.974	10.97	10.36	10.71	10.13	32.6	-3.622	0.959	10.75	10.13	10.52	10.13	10.11	20.00	0.10
2024-08-12/2:38:49 PM	89199	99	F300/W1/M600	7.0	-0.779	0.873	10.79	10.63	10.70	10.22	22.6	-2.511	0.985	10.88	10.46	10.68	10.22	30.7	-3.414	0.979	10.92	10.38	10.69	10.22	44.9	-4.991	0.963	10.73	9.96	10.41	10.22	10.21	20.00	0.10
2024-08-12/2:53:50 PM	90100	100	F300/W1/M600	5.9	-0.654	0.859	10.89	10.72	10.80	9.95	23.1	-2.569	0.989	10.98	10.55	10.76	9.95	30.5	-3.389	0.991	11.01	10.41	10.74	9.95	28.5	-3.169	0.974	10.77	10.24	10.48	9.95	9.99	20.00	0.10
2024-08-12/3:08:51 PM	91001	101	F300/W1/M600	4.5	-0.499	0.795	10.90	10.76	10.82	9.69	19.8	-2.196	0.988	10.99	10.61	10.80	9.69	42.6	-4.730	0.989	11.02	10.29	10.69	9.69	17.4	-1.928	0.985	10.79	10.45	10.63	9.69	9.73	20.00	0.10
