Date & time of file creation	2025-06-10 2:46 PM																																	
Data file path	C:\Users\ry1ho\OneDrive\Desktop\Kenauk Respirometry   2024 RH\15 C Respirometry Data 2025\Trial 4 June 9 2025\2025-06-10_PostBlank_Trial4.txt																																	
Raw data file path	C:\Users\ry1ho\OneDrive\Desktop\Kenauk Respirometry   2024 RH\15 C Respirometry Data 2025\Trial 4 June 9 2025\2025-06-10_PostBlank_Trial4_raw.txt																																	
																																		
																																		
Parameter/Chamber	Wet weight [g]	Resp. volume [mL]	Fish length [cm]	Fractional error [%]	Chamber notes																													
Chamber 1	100	900	10																															
Chamber 2	100	900																																
Chamber 3	100	900																																
Chamber 4	100	900																																
																																		
																																		
Date &Time [DD-MM-YYYY/HH:MM:SS]	Time [sec]	Loop	Phase time [s]	CH 1 MO2 [mgO2/kg/hr]	CH 1 slope [mgO2/L/hr]	CH 1 R^2	CH 1 max O2 [mgO2/L]	CH 1 min O2 [mgO2/L]	CH 1 avg O2 [mgO2/L]	CH 1 avg temp [°C]	CH 2 MO2 [mgO2/kg/hr]	CH 2 slope [mgO2/L/hr]	CH 2 R^2	CH 2 max O2 [mgO2/L]	CH 2 min O2 [mgO2/L]	CH 2 avg O2 [mgO2/L]	CH 2 avg temp [°C]	CH 3 MO2 [mgO2/kg/hr]	CH 3 slope [mgO2/L/hr]	CH 3 R^2	CH 3 max O2 [mgO2/L]	CH 3 min O2 [mgO2/L]	CH 3 avg O2 [mgO2/L]	CH 3 avg temp [°C]	CH 4 MO2 [mgO2/kg/hr]	CH 4 slope [mgO2/L/hr]	CH 4 R^2	CH 4 max O2 [mgO2/L]	CH 4 min O2 [mgO2/L]	CH 4 avg O2 [mgO2/L]	CH 4 avg temp [°C]	AMB temp N°1 avg temp [°C]	AMB temp N°1 setpoint [°C]	AMB temp N°1 hysteresis [°C]
2025-06-10/2:53:49 PM	397	1	M200	0.3	-0.032	0.002	9.98	9.91	9.94	15.32	-0.3	0.036	0.002	9.96	9.90	9.93	15.32	1.4	-0.159	0.019	10.02	9.92	9.96	15.32	10.0	-1.115	0.557	9.70	9.58	9.64	15.32	15.29	20.00	0.10
2025-06-10/2:57:09 PM	597	2	M200	0.9	-0.098	0.020	9.96	9.90	9.94	15.36	1.3	-0.143	0.043	9.96	9.90	9.93	15.36	-0.1	0.006	0.000	9.99	9.90	9.95	15.36	3.0	-0.330	0.081	9.66	9.54	9.61	15.36	15.36	20.00	0.10
2025-06-10/3:00:29 PM	797	3	M200	-1.8	0.195	0.071	9.96	9.90	9.93	15.38	-0.7	0.077	0.012	9.95	9.89	9.92	15.38	-2.5	0.276	0.061	10.01	9.90	9.95	15.38	-2.3	0.257	0.062	9.66	9.55	9.61	15.38	15.38	20.00	0.10
2025-06-10/3:03:49 PM	997	4	M200	1.2	-0.137	0.034	9.96	9.90	9.93	15.41	1.3	-0.143	0.037	9.95	9.89	9.92	15.41	0.8	-0.086	0.005	9.99	9.90	9.94	15.41	3.1	-0.343	0.101	9.63	9.55	9.59	15.41	15.41	20.00	0.10
2025-06-10/3:07:09 PM	1197	5	M200	1.4	-0.153	0.049	9.95	9.89	9.92	15.45	2.9	-0.318	0.192	9.95	9.88	9.91	15.45	0.8	-0.092	0.007	9.98	9.89	9.94	15.45	1.5	-0.169	0.026	9.62	9.53	9.58	15.45	15.45	20.00	0.10
2025-06-10/3:10:29 PM	1397	6	M200	-0.1	0.014	0.001	9.94	9.90	9.92	15.47	0.2	-0.018	0.001	9.93	9.89	9.91	15.47	-1.1	0.123	0.024	9.98	9.91	9.95	15.47	3.2	-0.353	0.156	9.61	9.54	9.58	15.47	15.47	20.00	0.10
2025-06-10/3:13:49 PM	1597	7	M200	-0.9	0.098	0.033	9.95	9.91	9.92	15.46	-1.6	0.178	0.111	9.94	9.89	9.91	15.46	-1.2	0.136	0.036	9.99	9.92	9.95	15.46	5.4	-0.599	0.484	9.58	9.51	9.54	15.46	15.46	20.00	0.10
2025-06-10/3:17:09 PM	1797	8	M200	0.6	-0.063	0.010	9.95	9.90	9.92	15.47	1.3	-0.147	0.053	9.95	9.89	9.92	15.47	-0.5	0.057	0.004	10.00	9.91	9.95	15.47	0.6	-0.063	0.005	9.56	9.48	9.52	15.47	15.47	20.00	0.10
2025-06-10/3:20:29 PM	1997	9	M200	-0.3	0.038	0.003	9.95	9.90	9.92	15.49	-1.0	0.111	0.023	9.95	9.89	9.91	15.49	-0.2	0.025	0.000	9.99	9.90	9.95	15.49	-3.7	0.408	0.149	9.58	9.48	9.52	15.49	15.49	20.00	0.10
2025-06-10/3:23:49 PM	2197	10	M200	1.0	-0.111	0.020	9.96	9.89	9.92	15.50	0.6	-0.071	0.010	9.95	9.89	9.92	15.50	-1.1	0.123	0.010	10.01	9.90	9.95	15.50	0.6	-0.071	0.005	9.58	9.50	9.54	15.50	15.50	20.00	0.10
2025-06-10/3:27:09 PM	2397	11	M200	1.1	-0.126	0.031	9.95	9.87	9.92	15.51	-1.1	0.125	0.035	9.94	9.88	9.91	15.51	1.7	-0.188	0.023	10.01	9.89	9.95	15.51	0.7	-0.077	0.006	9.58	9.49	9.54	15.51	15.51	20.00	0.10
2025-06-10/3:30:29 PM	2597	12	M200	1.1	-0.118	0.028	9.95	9.89	9.92	15.53	0.8	-0.087	0.020	9.93	9.88	9.91	15.53	-1.9	0.207	0.036	10.01	9.87	9.95	15.53	1.8	-0.205	0.053	9.58	9.50	9.54	15.53	15.53	20.00	0.10
2025-06-10/3:33:49 PM	2797	13	M200	0.5	-0.057	0.007	9.94	9.88	9.91	15.54	-0.0	0.004	0.000	9.94	9.88	9.91	15.54	1.5	-0.165	0.021	10.00	9.89	9.95	15.54	2.2	-0.247	0.058	9.57	9.46	9.52	15.54	15.54	20.00	0.10
2025-06-10/3:37:09 PM	2997	14	M200	0.7	-0.081	0.010	9.95	9.89	9.91	15.55	0.4	-0.049	0.004	9.95	9.88	9.91	15.55	-0.3	0.035	0.001	10.02	9.89	9.95	15.55	-1.6	0.174	0.027	9.58	9.49	9.54	15.55	15.55	20.00	0.10
