Date & time of file creation	2025-06-14 4:16 PM																																	
Data file path	C:\Users\ry1ho\OneDrive\Desktop\Kenauk Respirometry   2024 RH\15 C Respirometry Data 2025\Trial 8 June 14 2025\2025-06-14_BrookTrout_EPOC_15C_Trial8.txt																																	
Raw data file path	C:\Users\ry1ho\OneDrive\Desktop\Kenauk Respirometry   2024 RH\15 C Respirometry Data 2025\Trial 8 June 14 2025\2025-06-14_BrookTrout_EPOC_15C_Trial8_raw.txt																																	
																																		
																																		
Parameter/Chamber	Wet weight [g]	Resp. volume [mL]	Fish length [cm]	Fractional error [%]	Chamber notes																													
Chamber 1	100	900	10																															
Chamber 2	100	900																																
Chamber 3	100	900																																
Chamber 4	100	900																																
																																		
																																		
Date &Time [DD-MM-YYYY/HH:MM:SS]	Time [sec]	Loop	Phase time [s]	CH 1 MO2 [mgO2/kg/hr]	CH 1 slope [mgO2/L/hr]	CH 1 R^2	CH 1 max O2 [mgO2/L]	CH 1 min O2 [mgO2/L]	CH 1 avg O2 [mgO2/L]	CH 1 avg temp [°C]	CH 2 MO2 [mgO2/kg/hr]	CH 2 slope [mgO2/L/hr]	CH 2 R^2	CH 2 max O2 [mgO2/L]	CH 2 min O2 [mgO2/L]	CH 2 avg O2 [mgO2/L]	CH 2 avg temp [°C]	CH 3 MO2 [mgO2/kg/hr]	CH 3 slope [mgO2/L/hr]	CH 3 R^2	CH 3 max O2 [mgO2/L]	CH 3 min O2 [mgO2/L]	CH 3 avg O2 [mgO2/L]	CH 3 avg temp [°C]	CH 4 MO2 [mgO2/kg/hr]	CH 4 slope [mgO2/L/hr]	CH 4 R^2	CH 4 max O2 [mgO2/L]	CH 4 min O2 [mgO2/L]	CH 4 avg O2 [mgO2/L]	CH 4 avg temp [°C]	AMB temp N°1 avg temp [°C]	AMB temp N°1 setpoint [°C]	AMB temp N°1 hysteresis [°C]
2025-06-14/4:24:37 PM	435	1	F300/W1/M200	159.1	-17.679	0.990	9.89	8.97	9.49	15.19	0.2	-0.018	0.001	10.15	10.07	10.11	15.19	0.7	-0.074	0.006	10.13	10.06	10.10	15.19	2.7	-0.298	0.074	10.15	10.05	10.11	15.19	15.16	20.00	0.10
2025-06-14/4:32:58 PM	936	2	F300/W1/M200	162.8	-18.090	0.982	9.63	8.69	9.25	15.26	124.4	-13.821	0.884	10.07	9.33	9.84	15.26	-2.0	0.226	0.183	10.08	10.03	10.05	15.26	-2.2	0.245	0.149	10.11	10.05	10.08	15.26	15.25	20.00	0.10
2025-06-14/4:41:19 PM	1437	3	F300/W1/M200	163.8	-18.201	0.980	9.53	8.59	9.15	15.32	228.6	-25.397	0.986	9.51	8.22	8.97	15.32	0.8	-0.088	0.014	10.00	9.94	9.97	15.32	2.7	-0.298	0.136	10.07	10.00	10.04	15.32	15.31	20.00	0.10
2025-06-14/4:49:40 PM	1938	4	F300/W1/M200	138.8	-15.426	0.978	9.44	8.66	9.13	15.32	199.6	-22.173	0.975	9.32	8.19	8.87	15.32	34.9	-3.876	0.883	9.88	9.65	9.80	15.32	4.0	-0.440	0.304	10.02	9.94	9.98	15.32	15.32	20.00	0.10
2025-06-14/4:58:01 PM	2439	5	F300/W1/M200	122.6	-13.626	0.956	9.37	8.66	9.10	15.27	237.4	-26.376	0.980	9.34	8.03	8.80	15.27	68.2	-7.580	0.985	9.67	9.27	9.50	15.27	9.2	-1.017	0.163	10.08	9.88	10.02	15.27	15.30	20.00	0.10
2025-06-14/5:06:22 PM	2940	6	F300/W1/M200	165.2	-18.351	0.951	9.34	8.41	8.99	15.19	253.7	-28.194	0.981	9.29	7.83	8.70	15.19	62.8	-6.978	0.964	9.57	9.21	9.42	15.19	-11.2	1.247	0.326	10.09	9.94	10.02	15.19	15.21	20.00	0.10
2025-06-14/5:14:43 PM	3441	7	F300/W1/M200	143.8	-15.980	0.956	9.09	8.28	8.79	15.16	249.2	-27.692	0.987	9.13	7.73	8.54	15.16	51.4	-5.716	0.959	9.51	9.20	9.39	15.16	19.4	-2.151	0.298	10.10	9.82	9.98	15.16	15.18	20.00	0.10
2025-06-14/5:23:04 PM	3942	8	F300/W1/M200	120.4	-13.378	0.958	9.12	8.45	8.86	15.11	243.4	-27.041	0.986	9.04	7.67	8.47	15.11	58.4	-6.492	0.971	9.46	9.10	9.31	15.11	-12.4	1.377	0.138	10.08	9.83	9.98	15.11	15.14	20.00	0.10
2025-06-14/5:31:25 PM	4443	9	F300/W1/M200	105.4	-11.710	0.951	9.13	8.53	8.91	15.07	202.8	-22.533	0.981	9.06	7.91	8.59	15.07	55.2	-6.137	0.971	9.41	9.08	9.28	15.07	9.3	-1.038	0.100	10.07	9.82	9.99	15.07	15.09	20.00	0.10
2025-06-14/5:39:46 PM	4944	10	F300/W1/M200	107.2	-11.910	0.943	9.02	8.42	8.80	15.01	175.0	-19.443	0.975	9.09	8.12	8.70	15.01	64.4	-7.157	0.943	9.37	9.00	9.23	15.01	0.9	-0.097	0.000	10.08	9.75	9.94	15.01	15.04	20.00	0.10
2025-06-14/5:48:07 PM	5445	11	F300/W1/M200	83.2	-9.242	0.938	9.13	8.65	8.96	14.96	144.2	-16.024	0.977	9.15	8.33	8.82	14.96	65.9	-7.322	0.966	9.33	8.96	9.19	14.96	-9.2	1.027	0.078	10.05	9.80	9.92	14.96	14.99	20.00	0.10
2025-06-14/5:56:28 PM	5946	12	F300/W1/M200	74.8	-8.306	0.938	9.18	8.75	9.02	14.99	127.5	-14.166	0.966	9.22	8.50	8.94	14.99	68.1	-7.571	0.961	9.35	8.95	9.19	14.99	17.3	-1.920	0.136	10.07	9.75	9.95	14.99	14.99	20.00	0.10
2025-06-14/6:04:49 PM	6447	13	F300/W1/M200	65.4	-7.271	0.939	9.22	8.85	9.08	15.08	112.4	-12.494	0.962	9.23	8.60	8.98	15.08	66.9	-7.430	0.957	9.35	8.96	9.20	15.08	3.7	-0.409	0.012	10.07	9.80	9.95	15.08	15.07	20.00	0.10
2025-06-14/6:13:10 PM	6948	14	F300/W1/M200	58.1	-6.455	0.929	9.26	8.92	9.14	15.16	100.5	-11.171	0.959	9.26	8.68	9.04	15.16	69.2	-7.687	0.951	9.37	8.96	9.21	15.16	-8.0	0.887	0.055	10.01	9.72	9.91	15.16	15.16	20.00	0.10
2025-06-14/6:21:31 PM	7449	15	F300/W1/M200	52.1	-5.784	0.929	9.29	8.98	9.18	15.24	103.9	-11.540	0.962	9.29	8.70	9.06	15.24	67.8	-7.528	0.952	9.37	8.97	9.22	15.24	-11.3	1.258	0.074	10.08	9.78	9.92	15.24	15.24	20.00	0.10
2025-06-14/6:29:52 PM	7950	16	F300/W1/M200	48.8	-5.428	0.943	9.35	9.05	9.23	15.19	92.5	-10.279	0.959	9.31	8.79	9.11	15.19	67.7	-7.523	0.960	9.38	8.97	9.23	15.19	5.7	-0.632	0.021	10.04	9.78	9.92	15.19	15.21	20.00	0.10
2025-06-14/6:38:13 PM	8451	17	F300/W1/M200	45.3	-5.037	0.936	9.37	9.10	9.27	15.12	90.6	-10.071	0.952	9.34	8.83	9.15	15.12	62.5	-6.939	0.962	9.41	9.05	9.26	15.12	-18.8	2.092	0.197	10.05	9.75	9.93	15.12	15.15	20.00	0.10
2025-06-14/6:46:34 PM	8952	18	F300/W1/M200	41.4	-4.603	0.927	9.39	9.15	9.31	15.06	81.3	-9.032	0.946	9.38	8.92	9.20	15.06	66.3	-7.372	0.961	9.42	9.04	9.27	15.06	3.9	-0.429	0.036	10.05	9.89	9.99	15.06	15.09	20.00	0.10
2025-06-14/6:54:55 PM	9453	19	F300/W1/M200	46.2	-5.134	0.948	9.42	9.15	9.32	15.06	82.7	-9.184	0.968	9.40	8.92	9.21	15.06	69.8	-7.751	0.976	9.46	9.05	9.29	15.06	1.4	-0.158	0.002	10.07	9.85	9.98	15.06	15.05	20.00	0.10
2025-06-14/7:03:16 PM	9954	20	F300/W1/M200	49.8	-5.534	0.872	9.43	9.01	9.32	15.25	114.6	-12.735	0.946	9.43	8.71	9.18	15.25	74.9	-8.326	0.928	9.46	8.93	9.30	15.25	10.5	-1.163	0.095	10.08	9.76	9.99	15.25	15.19	20.00	0.10
2025-06-14/7:11:37 PM	10455	21	F300/W1/M200	35.9	-3.988	0.917	9.47	9.25	9.39	15.13	69.5	-7.719	0.961	9.43	9.03	9.27	15.13	56.8	-6.306	0.948	9.47	9.14	9.35	15.13	-2.0	0.225	0.004	10.05	9.84	9.96	15.13	15.19	20.00	0.10
2025-06-14/7:19:58 PM	10956	22	F300/W1/M200	43.4	-4.822	0.952	9.48	9.22	9.38	15.08	77.9	-8.654	0.973	9.46	9.02	9.29	15.08	69.1	-7.673	0.978	9.50	9.07	9.32	15.08	54.5	-6.060	0.899	10.10	9.76	9.89	15.08	15.07	20.00	0.10
2025-06-14/7:28:19 PM	11457	23	F300/W1/M200	42.1	-4.676	0.945	9.49	9.24	9.40	15.16	70.5	-7.832	0.962	9.49	9.07	9.32	15.16	63.3	-7.033	0.965	9.52	9.15	9.37	15.16	4.6	-0.515	0.394	10.05	9.99	10.02	15.16	15.15	20.00	0.10
2025-06-14/7:36:40 PM	11958	24	F300/W1/M200	41.6	-4.623	0.945	9.51	9.26	9.41	15.18	69.6	-7.730	0.961	9.50	9.09	9.34	15.18	67.6	-7.508	0.960	9.53	9.13	9.38	15.18	4.0	-0.439	0.398	10.00	9.94	9.97	15.18	15.17	20.00	0.10
2025-06-14/7:45:01 PM	12459	25	F300/W1/M200	41.0	-4.557	0.948	9.51	9.27	9.42	15.19	67.7	-7.524	0.964	9.51	9.12	9.36	15.19	69.0	-7.671	0.968	9.54	9.15	9.38	15.19	-3.4	0.380	0.292	9.94	9.88	9.91	15.19	15.19	20.00	0.10
2025-06-14/7:53:22 PM	12960	26	F300/W1/M200	39.6	-4.403	0.938	9.52	9.29	9.43	15.20	68.4	-7.599	0.960	9.53	9.13	9.37	15.20	66.8	-7.421	0.971	9.56	9.18	9.40	15.20	0.1	-0.014	0.000	10.08	10.01	10.05	15.20	15.20	20.00	0.10
2025-06-14/8:01:43 PM	13461	27	F300/W1/M200	40.0	-4.444	0.936	9.54	9.30	9.45	15.20	65.0	-7.220	0.965	9.53	9.16	9.38	15.20	62.9	-6.986	0.976	9.56	9.18	9.41	15.20	4.9	-0.550	0.470	10.01	9.94	9.97	15.20	15.20	20.00	0.10
2025-06-14/8:10:04 PM	13962	28	F300/W1/M200	39.8	-4.418	0.935	9.55	9.31	9.46	15.21	71.3	-7.918	0.961	9.55	9.15	9.39	15.21	66.6	-7.400	0.965	9.57	9.19	9.41	15.21	32.0	-3.554	0.811	9.91	9.71	9.78	15.21	15.21	20.00	0.10
2025-06-14/8:18:25 PM	14463	29	F300/W1/M200	39.3	-4.372	0.941	9.56	9.32	9.46	15.21	77.0	-8.555	0.927	9.55	9.07	9.38	15.21	64.9	-7.210	0.974	9.58	9.21	9.42	15.21	-1.0	0.115	0.049	9.74	9.69	9.71	15.21	15.21	20.00	0.10
2025-06-14/8:26:46 PM	14964	30	F300/W1/M200	38.1	-4.232	0.937	9.56	9.33	9.47	15.21	74.4	-8.270	0.945	9.52	9.08	9.36	15.21	60.5	-6.723	0.973	9.57	9.21	9.42	15.21	5.3	-0.584	0.383	10.06	9.99	10.03	15.21	15.21	20.00	0.10
2025-06-14/8:35:07 PM	15465	31	F300/W1/M200	39.8	-4.419	0.950	9.55	9.30	9.46	15.21	140.5	-15.616	0.956	9.34	8.52	9.03	15.21	58.4	-6.494	0.965	9.56	9.21	9.42	15.21	3.9	-0.430	0.222	10.03	9.94	9.99	15.21	15.21	20.00	0.10
2025-06-14/8:43:28 PM	15966	32	F300/W1/M200	56.0	-6.222	0.964	9.51	9.18	9.38	15.20	213.4	-23.712	0.983	9.15	7.94	8.65	15.20	68.6	-7.623	0.973	9.53	9.13	9.37	15.20	-13.8	1.532	0.386	9.99	9.85	9.89	15.20	15.21	20.00	0.10
2025-06-14/8:51:49 PM	16467	33	F300/W1/M200	154.0	-17.116	0.970	9.35	8.47	9.01	15.20	175.9	-19.544	0.954	9.26	8.27	8.90	15.20	66.5	-7.385	0.968	9.49	9.11	9.34	15.20	5.9	-0.659	0.618	9.96	9.89	9.92	15.20	15.20	20.00	0.10
2025-06-14/9:00:10 PM	16968	34	F300/W1/M200	72.6	-8.064	0.947	9.24	8.82	9.07	15.19	197.1	-21.900	0.979	9.18	8.08	8.72	15.19	64.3	-7.148	0.970	9.44	9.07	9.29	15.19	-17.4	1.936	0.243	9.98	9.74	9.91	15.19	15.20	20.00	0.10
2025-06-14/9:08:31 PM	17469	35	F300/W1/M200	56.5	-6.275	0.986	9.45	9.11	9.30	15.18	209.1	-23.233	0.991	9.22	8.07	8.70	15.18	68.7	-7.629	0.973	9.42	9.01	9.25	15.18	6.6	-0.730	0.620	9.84	9.76	9.80	15.18	15.19	20.00	0.10
2025-06-14/9:16:52 PM	17970	36	F300/W1/M200	43.6	-4.842	0.955	9.44	9.17	9.34	15.17	116.4	-12.928	0.981	9.33	8.66	9.05	15.17	68.5	-7.613	0.975	9.42	9.00	9.24	15.17	15.3	-1.700	0.796	10.03	9.86	9.97	15.17	15.18	20.00	0.10
2025-06-14/9:25:13 PM	18471	37	F300/W1/M200	44.0	-4.894	0.876	9.40	9.13	9.31	15.16	96.2	-10.689	0.991	9.38	8.83	9.13	15.16	68.4	-7.599	0.956	9.45	9.05	9.28	15.16	-37.3	4.143	0.258	10.01	9.64	9.84	15.16	15.16	20.00	0.10
2025-06-14/9:33:34 PM	18972	38	F300/W1/M200	39.4	-4.374	0.938	9.43	9.19	9.33	15.14	111.7	-12.416	0.960	9.38	8.71	9.13	15.14	62.6	-6.956	0.956	9.46	9.08	9.32	15.14	5.2	-0.574	0.006	10.02	9.62	9.81	15.14	15.15	20.00	0.10
2025-06-14/9:41:55 PM	19473	39	F300/W1/M200	63.0	-6.995	0.979	9.43	9.07	9.28	15.12	228.7	-25.409	0.982	9.33	7.99	8.78	15.12	69.7	-7.744	0.967	9.47	9.05	9.31	15.12	-12.8	1.426	0.311	10.10	9.95	10.05	15.12	15.13	20.00	0.10
2025-06-14/9:50:16 PM	19974	40	F300/W1/M200	73.6	-8.181	0.930	9.41	8.96	9.26	15.11	192.4	-21.376	0.990	9.12	8.03	8.63	15.11	68.9	-7.657	0.970	9.45	9.03	9.29	15.11	29.3	-3.253	0.482	9.99	9.72	9.92	15.11	15.11	20.00	0.10
2025-06-14/9:58:37 PM	20475	41	F300/W1/M200	45.2	-5.021	0.961	9.37	9.09	9.25	15.09	186.3	-20.705	0.983	9.08	8.01	8.62	15.09	57.7	-6.406	0.976	9.42	9.07	9.27	15.09	-38.6	4.291	0.721	9.78	9.56	9.65	15.09	15.09	20.00	0.10
2025-06-14/10:06:58 PM	20976	42	F300/W1/M200	44.1	-4.899	0.982	9.39	9.13	9.28	15.07	224.9	-24.994	0.981	9.10	7.85	8.57	15.07	49.1	-5.450	0.971	9.42	9.13	9.30	15.07	63.3	-7.038	0.719	10.02	9.62	9.82	15.07	15.07	20.00	0.10
2025-06-14/10:15:19 PM	21477	43	F300/W1/M200	62.1	-6.895	0.961	9.37	8.98	9.21	15.04	275.1	-30.568	0.987	9.08	7.53	8.41	15.04	55.2	-6.131	0.958	9.48	9.16	9.35	15.04	-25.6	2.839	0.161	10.13	9.73	10.03	15.04	15.05	20.00	0.10
2025-06-14/10:23:40 PM	21978	44	F300/W1/M200	144.3	-16.029	0.985	9.25	8.42	8.90	15.02	156.5	-17.391	0.966	9.19	8.26	8.83	15.02	65.3	-7.251	0.978	9.44	9.07	9.27	15.02	-91.6	10.176	0.690	10.13	9.65	9.95	15.02	15.03	20.00	0.10
2025-06-14/10:32:01 PM	22479	45	F300/W1/M200	167.9	-18.652	0.972	9.10	8.11	8.72	15.10	189.7	-21.076	0.995	9.27	8.20	8.76	15.10	43.8	-4.864	0.921	9.48	9.20	9.38	15.10	-46.6	5.183	0.380	10.05	9.56	9.64	15.10	15.06	20.00	0.10
2025-06-14/10:40:22 PM	22980	46	F300/W1/M200	174.9	-19.436	0.980	9.16	8.17	8.74	15.23	129.2	-14.358	0.966	9.25	8.42	8.94	15.23	61.0	-6.783	0.964	9.40	9.03	9.25	15.23	-16.8	1.865	0.259	9.84	9.63	9.69	15.23	15.19	20.00	0.10
2025-06-14/10:48:43 PM	23481	47	F300/W1/M200	58.7	-6.527	0.962	9.27	8.93	9.12	15.36	96.1	-10.681	0.970	9.30	8.75	9.07	15.36	18.3	-2.034	0.872	9.45	9.32	9.39	15.36	1.7	-0.186	0.001	10.04	9.66	9.87	15.36	15.32	20.00	0.10
2025-06-14/10:57:04 PM	23982	48	F300/W1/M200	45.4	-5.042	0.973	9.39	9.11	9.28	15.40	93.7	-10.416	0.960	9.37	8.81	9.14	15.40	11.5	-1.277	0.829	9.51	9.43	9.47	15.40	11.7	-1.305	0.069	9.94	9.62	9.72	15.40	15.41	20.00	0.10
2025-06-14/11:05:25 PM	24483	49	F300/W1/M200	42.3	-4.702	0.980	9.45	9.18	9.33	15.37	159.7	-17.743	0.975	9.27	8.35	8.89	15.37	18.2	-2.022	0.898	9.52	9.40	9.47	15.37	8.6	-0.961	0.216	9.97	9.84	9.90	15.37	15.38	20.00	0.10
2025-06-14/11:13:46 PM	24984	50	F300/W1/M200	79.3	-8.808	0.960	9.37	8.87	9.17	15.34	202.5	-22.501	0.962	9.28	8.17	8.83	15.34	20.1	-2.231	0.927	9.55	9.42	9.49	15.34	-32.9	3.657	0.221	10.07	9.68	9.93	15.34	15.35	20.00	0.10
2025-06-14/11:22:07 PM	25485	51	F300/W1/M200	131.7	-14.630	0.947	9.26	8.51	8.98	15.30	228.6	-25.399	0.985	9.16	7.86	8.60	15.30	37.8	-4.205	0.939	9.56	9.32	9.47	15.30	-42.2	4.692	0.368	10.06	9.66	9.91	15.30	15.32	20.00	0.10
2025-06-14/11:30:28 PM	25986	52	F300/W1/M200	71.7	-7.969	0.966	9.30	8.88	9.13	15.27	227.2	-25.241	0.977	9.22	7.97	8.69	15.27	55.8	-6.203	0.983	9.44	9.10	9.29	15.27	-1.4	0.156	0.001	10.07	9.71	9.94	15.27	15.28	20.00	0.10
2025-06-14/11:38:49 PM	26487	53	F300/W1/M200	53.5	-5.945	0.977	9.38	9.06	9.25	15.23	184.9	-20.547	0.971	9.19	8.16	8.77	15.23	61.1	-6.789	0.968	9.42	9.06	9.27	15.23	-17.2	1.917	0.281	10.08	9.86	10.01	15.23	15.25	20.00	0.10
2025-06-14/11:47:10 PM	26988	54	F300/W1/M200	140.1	-15.568	0.988	9.22	8.46	8.86	15.20	142.4	-15.824	0.981	9.13	8.33	8.78	15.20	63.2	-7.017	0.968	9.42	9.05	9.27	15.20	7.6	-0.842	0.741	9.89	9.82	9.85	15.20	15.21	20.00	0.10
2025-06-14/11:55:31 PM	27489	55	F300/W1/M200	63.6	-7.062	0.955	9.31	8.93	9.15	15.16	78.5	-8.717	0.967	9.35	8.90	9.17	15.16	39.1	-4.340	0.927	9.47	9.22	9.38	15.16	2.4	-0.264	0.238	9.79	9.74	9.77	15.16	15.17	20.00	0.10
2025-06-15/12:03:52 AM	27990	56	F300/W1/M200	47.5	-5.282	0.977	9.46	9.17	9.34	15.12	71.8	-7.973	0.981	9.45	9.04	9.27	15.12	15.0	-1.665	0.799	9.58	9.47	9.53	15.12	66.3	-7.371	0.992	9.67	9.26	9.45	15.12	15.13	20.00	0.10
2025-06-15/12:12:13 AM	28491	57	F300/W1/M200	41.6	-4.621	0.974	9.54	9.30	9.44	15.07	73.5	-8.161	0.982	9.48	9.05	9.29	15.07	53.9	-5.989	0.975	9.62	9.29	9.48	15.07	11.1	-1.236	0.890	9.35	9.27	9.31	15.07	15.08	20.00	0.10
2025-06-15/12:20:34 AM	28992	58	F300/W1/M200	30.9	-3.437	0.947	9.60	9.39	9.50	14.99	68.2	-7.574	0.976	9.52	9.12	9.35	14.99	14.7	-1.637	0.875	9.71	9.59	9.66	14.99	7.9	-0.873	0.679	9.35	9.27	9.31	14.99	15.01	20.00	0.10
2025-06-15/12:28:55 AM	29493	59	F300/W1/M200	42.0	-4.666	0.904	9.67	9.42	9.57	14.91	88.5	-9.832	0.950	9.61	9.12	9.42	14.91	18.6	-2.070	0.908	9.80	9.68	9.75	14.91	6.7	-0.744	0.588	9.31	9.24	9.27	14.91	14.94	20.00	0.10
2025-06-15/12:37:16 AM	29994	60	F300/W1/M200	38.1	-4.234	0.972	9.61	9.37	9.51	15.11	188.6	-20.961	0.976	9.64	8.52	9.19	15.11	36.2	-4.021	0.976	9.90	9.68	9.80	15.11	18.6	-2.072	0.931	9.24	9.09	9.18	15.11	15.03	20.00	0.10
2025-06-15/12:45:37 AM	30495	61	F300/W1/M200	45.3	-5.028	0.979	9.25	8.98	9.11	15.19	235.1	-26.127	0.975	9.21	7.96	8.68	15.19	33.5	-3.723	0.982	9.75	9.54	9.65	15.19	3.7	-0.413	0.361	9.19	9.12	9.16	15.19	15.19	20.00	0.10
2025-06-15/12:53:58 AM	30996	62	F300/W1/M200	56.9	-6.322	0.985	9.23	8.90	9.05	15.13	237.8	-26.423	0.990	9.20	7.85	8.60	15.13	28.9	-3.210	0.974	9.59	9.41	9.51	15.13	4.2	-0.464	0.492	9.21	9.16	9.19	15.13	15.16	20.00	0.10
2025-06-15/1:02:19 AM	31497	63	F300/W1/M200	29.7	-3.305	0.973	9.20	9.02	9.11	15.09	126.9	-14.098	0.982	9.19	8.45	8.88	15.09	77.4	-8.604	0.984	9.59	9.15	9.40	15.09	4.9	-0.548	0.628	9.23	9.16	9.19	15.09	15.09	20.00	0.10
2025-06-15/1:10:40 AM	31998	64	F300/W1/M200	42.6	-4.733	0.988	9.11	8.85	8.97	15.15	231.3	-25.700	0.990	9.13	7.78	8.55	15.15	80.7	-8.970	0.989	9.45	8.97	9.25	15.15	10.4	-1.156	0.794	9.19	9.10	9.15	15.15	15.16	20.00	0.10
2025-06-15/1:19:01 AM	32499	65	F300/W1/M200	20.6	-2.293	0.867	9.14	9.00	9.08	15.07	252.4	-28.048	0.980	9.01	7.64	8.43	15.07	76.8	-8.532	0.976	9.37	8.94	9.19	15.07	3.1	-0.347	0.349	9.19	9.14	9.17	15.07	15.10	20.00	0.10
2025-06-15/1:27:22 AM	33000	66	F300/W1/M200	32.5	-3.612	0.937	9.35	9.17	9.26	14.97	119.8	-13.312	0.979	9.13	8.47	8.85	14.97	94.6	-10.514	0.904	9.41	8.80	9.19	14.97	15.7	-1.745	0.900	9.20	9.10	9.16	14.97	15.01	20.00	0.10
2025-06-15/1:35:43 AM	33501	67	F300/W1/M200	26.0	-2.894	0.894	9.49	9.31	9.42	15.07	88.1	-9.785	0.959	9.35	8.85	9.14	15.07	127.9	-14.216	0.981	8.94	8.23	8.56	15.07	16.2	-1.801	0.957	9.14	9.02	9.08	15.07	15.01	20.00	0.10
2025-06-15/1:44:04 AM	34002	68	F300/W1/M200	17.1	-1.900	0.654	9.52	9.38	9.48	15.28	92.9	-10.324	0.981	9.45	8.90	9.22	15.28	114.5	-12.720	0.993	8.78	8.15	8.46	15.28	3.7	-0.415	0.513	9.04	8.99	9.02	15.28	15.24	20.00	0.10
2025-06-15/1:52:25 AM	34503	69	F300/W1/M200	36.8	-4.085	0.952	9.58	9.37	9.50	15.19	155.5	-17.283	0.983	9.28	8.42	8.91	15.19	116.2	-12.910	0.996	8.68	8.03	8.35	15.19	6.1	-0.676	0.617	9.06	9.00	9.03	15.19	15.23	20.00	0.10
2025-06-15/2:00:46 AM	35004	70	F300/W1/M200	38.5	-4.283	0.963	9.63	9.41	9.54	15.08	93.4	-10.377	0.953	9.39	8.83	9.16	15.08	102.7	-11.406	0.995	8.66	8.08	8.36	15.08	5.8	-0.648	0.692	9.05	9.00	9.03	15.08	15.12	20.00	0.10
2025-06-15/2:09:07 AM	35505	71	F300/W1/M200	44.6	-4.958	0.969	9.70	9.44	9.59	14.96	154.1	-17.126	0.986	9.38	8.52	8.98	14.96	95.4	-10.601	0.992	8.68	8.16	8.41	14.96	3.4	-0.375	0.544	9.12	9.08	9.10	14.96	15.00	20.00	0.10
2025-06-15/2:17:28 AM	36006	72	F300/W1/M200	39.1	-4.349	0.968	9.68	9.46	9.59	14.93	80.1	-8.905	0.970	9.54	9.07	9.34	14.93	88.3	-9.812	0.991	8.72	8.20	8.46	14.93	3.1	-0.344	0.357	9.16	9.12	9.14	14.93	14.93	20.00	0.10
2025-06-15/2:25:49 AM	36507	73	F300/W1/M200	31.4	-3.487	0.958	9.71	9.54	9.64	14.98	101.6	-11.288	0.961	9.67	9.05	9.43	14.98	102.6	-11.402	0.983	8.77	8.20	8.46	14.98	10.5	-1.167	0.880	9.15	9.07	9.11	14.98	14.94	20.00	0.10
2025-06-15/2:34:10 AM	37008	74	F300/W1/M200	32.0	-3.553	0.940	9.69	9.50	9.62	15.12	200.1	-22.229	0.986	9.36	8.23	8.88	15.12	109.3	-12.140	0.992	8.72	8.12	8.41	15.12	5.6	-0.627	0.711	9.08	9.03	9.06	15.12	15.13	20.00	0.10
2025-06-15/2:42:31 AM	37509	75	F300/W1/M200	35.3	-3.924	0.968	9.66	9.46	9.57	15.04	113.2	-12.577	0.973	9.42	8.80	9.15	15.04	89.0	-9.893	0.995	8.71	8.20	8.44	15.04	2.5	-0.273	0.276	9.11	9.07	9.09	15.04	15.07	20.00	0.10
2025-06-15/2:50:52 AM	38010	76	F300/W1/M200	33.8	-3.760	0.981	9.70	9.51	9.62	14.98	101.8	-11.307	0.990	9.55	8.97	9.30	14.98	81.7	-9.076	0.981	8.76	8.29	8.56	14.98	8.1	-0.904	0.840	9.12	9.05	9.09	14.98	14.99	20.00	0.10
2025-06-15/2:59:13 AM	38511	77	F300/W1/M200	35.5	-3.940	0.956	9.67	9.46	9.59	15.14	235.9	-26.209	0.991	9.38	8.01	8.77	15.14	90.1	-10.008	0.994	8.75	8.24	8.49	15.14	1.2	-0.132	0.077	9.07	9.03	9.05	15.14	15.11	20.00	0.10
2025-06-15/3:07:34 AM	39012	78	F300/W1/M200	22.3	-2.477	0.950	9.64	9.52	9.58	15.06	180.7	-20.081	0.985	9.20	8.20	8.76	15.06	90.5	-10.052	0.976	8.69	8.14	8.39	15.06	3.0	-0.332	0.388	9.10	9.05	9.08	15.06	15.09	20.00	0.10
2025-06-15/3:15:55 AM	39513	79	F300/W1/M200	24.3	-2.695	0.953	9.60	9.46	9.54	14.99	117.4	-13.048	0.923	9.34	8.63	9.09	14.99	101.6	-11.292	0.992	8.76	8.16	8.45	14.99	32.9	-3.657	0.973	9.14	8.92	9.05	14.99	15.00	20.00	0.10
2025-06-15/3:24:16 AM	40014	80	F300/W1/M200	27.9	-3.097	0.977	9.57	9.40	9.49	15.29	81.1	-9.013	0.990	9.48	9.00	9.27	15.29	120.3	-13.364	0.996	8.69	8.01	8.35	15.29	7.2	-0.797	0.789	8.84	8.78	8.81	15.29	15.26	20.00	0.10
2025-06-15/3:32:37 AM	40515	81	F300/W1/M200	29.4	-3.270	0.949	9.65	9.49	9.57	15.20	75.8	-8.427	0.988	9.56	9.12	9.37	15.20	118.2	-13.138	0.997	8.69	8.01	8.35	15.20	15.1	-1.683	0.944	8.92	8.82	8.87	15.20	15.22	20.00	0.10
2025-06-15/3:40:58 AM	41016	82	F300/W1/M200	32.8	-3.647	0.940	9.69	9.49	9.61	15.19	147.5	-16.389	0.982	9.57	8.79	9.23	15.19	92.6	-10.284	0.969	8.72	8.21	8.48	15.19	14.7	-1.637	0.946	8.90	8.80	8.86	15.19	15.19	20.00	0.10
2025-06-15/3:49:19 AM	41517	83	F300/W1/M200	30.6	-3.405	0.980	9.69	9.51	9.59	15.11	117.6	-13.061	0.975	9.42	8.76	9.14	15.11	124.4	-13.819	0.994	8.91	8.20	8.54	15.11	12.5	-1.391	0.902	8.92	8.82	8.87	15.11	15.13	20.00	0.10
2025-06-15/3:57:40 AM	42018	84	F300/W1/M200	38.5	-4.273	0.986	9.70	9.48	9.59	15.10	141.5	-15.718	0.944	9.53	8.71	9.22	15.10	129.1	-14.346	0.991	8.88	8.14	8.49	15.10	9.2	-1.024	0.853	8.91	8.84	8.88	15.10	15.11	20.00	0.10
2025-06-15/4:06:01 AM	42519	85	F300/W1/M200	41.4	-4.596	0.961	9.60	9.39	9.50	15.14	169.6	-18.845	0.994	9.46	8.46	9.01	15.14	132.1	-14.678	0.994	8.84	8.10	8.46	15.14	17.0	-1.893	0.942	8.93	8.82	8.88	15.14	15.12	20.00	0.10
2025-06-15/4:14:22 AM	43020	86	F300/W1/M200	41.1	-4.572	0.981	9.67	9.44	9.54	15.03	223.2	-24.798	0.986	9.35	8.12	8.82	15.03	122.7	-13.638	0.989	8.83	8.15	8.48	15.03	11.5	-1.278	0.910	8.95	8.87	8.92	15.03	15.06	20.00	0.10
2025-06-15/4:22:43 AM	43521	87	F300/W1/M200	34.8	-3.862	0.948	9.62	9.43	9.53	15.10	86.5	-9.609	0.988	9.49	8.98	9.26	15.10	134.3	-14.921	0.987	8.84	8.09	8.45	15.10	8.6	-0.952	0.808	8.90	8.83	8.87	15.10	15.08	20.00	0.10
2025-06-15/4:31:04 AM	44022	88	F300/W1/M200	41.4	-4.594	0.955	9.64	9.42	9.53	14.99	85.5	-9.499	0.972	9.59	9.12	9.38	14.99	118.7	-13.185	0.991	8.84	8.19	8.53	14.99	17.7	-1.962	0.889	8.98	8.86	8.92	14.99	15.03	20.00	0.10
2025-06-15/4:39:25 AM	44523	89	F300/W1/M200	36.8	-4.094	0.972	9.69	9.47	9.60	15.15	81.6	-9.065	0.961	9.60	9.12	9.41	15.15	133.8	-14.868	0.992	8.85	8.09	8.46	15.15	7.9	-0.877	0.766	8.86	8.79	8.83	15.15	15.09	20.00	0.10
2025-06-15/4:47:46 AM	45024	90	F300/W1/M200	37.2	-4.133	0.981	9.76	9.54	9.66	15.06	176.9	-19.655	0.967	9.55	8.52	9.16	15.06	110.1	-12.229	0.984	8.83	8.23	8.51	15.06	8.2	-0.906	0.831	8.89	8.82	8.86	15.06	15.09	20.00	0.10
2025-06-15/4:56:07 AM	45525	91	F300/W1/M200	21.3	-2.368	0.917	9.59	9.47	9.53	14.99	183.3	-20.371	0.954	9.39	8.33	8.99	14.99	115.8	-12.869	0.991	8.89	8.24	8.56	14.99	11.0	-1.228	0.891	8.94	8.87	8.90	14.99	15.00	20.00	0.10
2025-06-15/5:04:28 AM	46026	92	F300/W1/M200	41.4	-4.596	0.986	9.67	9.44	9.56	15.16	232.5	-25.838	0.971	9.26	7.97	8.73	15.16	122.6	-13.619	0.996	8.85	8.16	8.52	15.16	7.8	-0.872	0.710	8.85	8.77	8.82	15.16	15.12	20.00	0.10
2025-06-15/5:12:49 AM	46527	93	F300/W1/M200	0.2	-0.019	0.000	9.53	9.46	9.50	15.12	227.8	-25.316	0.991	9.24	7.96	8.63	15.12	109.8	-12.196	0.995	8.89	8.26	8.57	15.12	15.6	-1.728	0.954	8.88	8.78	8.83	15.12	15.12	20.00	0.10
2025-06-15/5:21:10 AM	47028	94	F300/W1/M200	29.6	-3.287	0.973	9.54	9.36	9.46	15.32	198.8	-22.088	0.997	9.29	8.13	8.68	15.32	124.1	-13.791	0.996	8.82	8.09	8.46	15.32	1.7	-0.190	0.159	8.74	8.68	8.72	15.32	15.27	20.00	0.10
2025-06-15/5:29:31 AM	47529	95	F300/W1/M200	51.5	-5.725	0.977	9.54	9.25	9.39	15.22	72.0	-8.002	0.969	9.38	8.95	9.21	15.22	119.0	-13.217	0.998	8.82	8.13	8.48	15.22	10.1	-1.125	0.825	8.86	8.77	8.82	15.22	15.25	20.00	0.10
2025-06-15/5:37:52 AM	48030	96	F300/W1/M200	33.1	-3.678	0.969	9.63	9.44	9.53	15.10	66.6	-7.396	0.969	9.46	9.07	9.30	15.10	116.8	-12.979	0.998	8.86	8.18	8.53	15.10	13.1	-1.457	0.897	8.91	8.82	8.87	15.10	15.14	20.00	0.10
2025-06-15/5:46:13 AM	48531	97	F300/W1/M200	28.8	-3.204	0.963	9.59	9.42	9.51	15.02	76.4	-8.484	0.994	9.65	9.20	9.44	15.02	110.5	-12.274	0.989	8.93	8.30	8.61	15.02	11.5	-1.275	0.870	8.95	8.85	8.90	15.02	15.03	20.00	0.10
2025-06-15/5:54:34 AM	49032	98	F300/W1/M200	34.5	-3.833	0.958	9.77	9.56	9.68	15.13	84.4	-9.373	0.992	9.64	9.15	9.42	15.13	127.9	-14.206	0.994	8.97	8.23	8.60	15.13	12.1	-1.344	0.896	8.91	8.82	8.86	15.13	15.09	20.00	0.10
2025-06-15/6:02:55 AM	49533	99	F300/W1/M200	31.7	-3.524	0.949	9.79	9.60	9.71	15.03	70.9	-7.883	0.975	9.63	9.21	9.45	15.03	135.4	-15.046	0.986	8.97	8.23	8.59	15.03	12.2	-1.356	0.842	8.88	8.80	8.84	15.03	15.07	20.00	0.10
2025-06-15/6:11:16 AM	50034	100	F300/W1/M200	35.3	-3.918	0.975	9.78	9.58	9.69	15.10	162.6	-18.067	0.980	9.38	8.51	9.01	15.10	119.0	-13.221	0.995	9.02	8.33	8.67	15.10	4.7	-0.519	0.415	8.93	8.86	8.90	15.10	15.08	20.00	0.10
2025-06-15/6:19:37 AM	50535	101	F300/W1/M200	33.2	-3.687	0.986	9.78	9.57	9.67	15.18	111.1	-12.347	0.985	9.57	8.90	9.29	15.18	113.1	-12.567	0.979	9.00	8.36	8.66	15.18	6.1	-0.682	0.599	8.93	8.86	8.89	15.18	15.16	20.00	0.10
2025-06-15/6:27:58 AM	51036	102	F300/W1/M200	30.2	-3.353	0.970	9.66	9.48	9.57	15.09	153.0	-16.998	0.983	9.27	8.40	8.89	15.09	119.6	-13.294	0.994	9.03	8.35	8.69	15.09	11.7	-1.303	0.831	9.00	8.90	8.95	15.09	15.12	20.00	0.10
2025-06-15/6:36:19 AM	51537	103	F300/W1/M200	16.7	-1.860	0.909	9.61	9.47	9.53	15.27	146.5	-16.276	0.991	9.36	8.54	8.98	15.27	120.2	-13.352	0.990	9.07	8.38	8.71	15.27	4.5	-0.498	0.415	8.96	8.89	8.93	15.27	15.20	20.00	0.10
2025-06-15/6:44:40 AM	52038	104	F300/W1/M200	29.6	-3.289	0.975	9.60	9.42	9.52	15.39	78.7	-8.742	0.973	9.43	8.95	9.23	15.39	122.7	-13.632	0.995	9.04	8.35	8.70	15.39	12.2	-1.353	0.832	9.00	8.90	8.96	15.39	15.36	20.00	0.10
2025-06-15/6:53:01 AM	52539	105	F300/W1/M200	31.0	-3.440	0.931	9.66	9.47	9.57	15.31	65.8	-7.316	0.962	9.46	9.08	9.31	15.31	107.3	-11.921	0.991	9.04	8.44	8.74	15.31	21.0	-2.328	0.912	9.09	8.95	9.02	15.31	15.34	20.00	0.10
2025-06-15/7:01:22 AM	53040	106	F300/W1/M200	23.4	-2.605	0.875	9.64	9.48	9.57	15.20	75.2	-8.359	0.983	9.55	9.11	9.36	15.20	107.1	-11.904	0.983	9.10	8.50	8.78	15.20	10.8	-1.198	0.693	9.19	9.09	9.14	15.20	15.24	20.00	0.10
2025-06-15/7:09:43 AM	53541	107	F300/W1/M200	25.8	-2.868	0.913	9.69	9.54	9.63	15.12	76.6	-8.515	0.991	9.62	9.16	9.41	15.12	95.1	-10.570	0.986	9.19	8.65	8.91	15.12	7.2	-0.804	0.466	9.33	9.23	9.29	15.12	15.14	20.00	0.10
2025-06-15/7:18:04 AM	54042	108	F300/W1/M200	15.4	-1.709	0.866	9.75	9.64	9.70	15.04	72.7	-8.081	0.986	9.65	9.21	9.44	15.04	87.2	-9.685	0.990	9.26	8.78	9.02	15.04	12.8	-1.423	0.762	9.47	9.36	9.41	15.04	15.06	20.00	0.10
2025-06-15/7:26:25 AM	54543	109	F300/W1/M200	22.2	-2.471	0.902	9.77	9.61	9.71	15.12	81.8	-9.091	0.989	9.71	9.23	9.49	15.12	79.5	-8.829	0.991	9.34	8.89	9.11	15.12	6.3	-0.699	0.428	9.50	9.42	9.46	15.12	15.09	20.00	0.10
2025-06-15/7:34:46 AM	55044	110	F300/W1/M200	27.0	-2.998	0.932	9.81	9.63	9.74	15.09	73.8	-8.201	0.983	9.71	9.25	9.51	15.09	65.0	-7.220	0.990	9.37	8.99	9.18	15.09	1.5	-0.166	0.048	9.56	9.50	9.53	15.09	15.09	20.00	0.10
2025-06-15/7:43:07 AM	55545	111	F300/W1/M200	27.1	-3.012	0.920	9.81	9.63	9.74	15.05	75.9	-8.429	0.982	9.71	9.27	9.51	15.05	57.3	-6.367	0.985	9.41	9.07	9.25	15.05	-6.6	0.728	0.479	9.66	9.57	9.61	15.05	15.06	20.00	0.10
2025-06-15/7:51:28 AM	56046	112	F300/W1/M200	26.3	-2.920	0.894	9.81	9.65	9.75	15.02	70.5	-7.832	0.962	9.70	9.28	9.53	15.02	46.8	-5.198	0.987	9.44	9.14	9.29	15.02	-9.9	1.098	0.646	9.76	9.65	9.70	15.02	15.03	20.00	0.10
2025-06-15/7:59:49 AM	56547	113	F300/W1/M200	30.4	-3.375	0.955	9.84	9.65	9.76	15.01	71.1	-7.902	0.978	9.75	9.33	9.56	15.01	37.0	-4.113	0.975	9.46	9.22	9.34	15.01	-6.9	0.762	0.413	9.81	9.72	9.77	15.01	15.02	20.00	0.10
2025-06-15/8:08:10 AM	57048	114	F300/W1/M200	29.5	-3.282	0.806	9.91	9.69	9.80	15.01	76.8	-8.534	0.982	9.79	9.33	9.58	15.01	28.9	-3.217	0.960	9.53	9.32	9.42	15.01	-8.3	0.920	0.478	9.91	9.81	9.86	15.01	15.01	20.00	0.10
2025-06-15/8:16:31 AM	57549	115	F300/W1/M200	22.9	-2.547	0.887	9.86	9.71	9.80	15.01	75.3	-8.366	0.986	9.82	9.37	9.61	15.01	22.6	-2.516	0.928	9.55	9.39	9.47	15.01	-9.6	1.062	0.617	10.00	9.89	9.94	15.01	15.01	20.00	0.10
2025-06-15/8:24:52 AM	58050	116	F300/W1/M200	29.8	-3.313	0.963	9.88	9.69	9.80	15.03	74.7	-8.299	0.989	9.82	9.37	9.61	15.03	17.7	-1.964	0.858	9.59	9.45	9.53	15.03	-4.4	0.484	0.252	10.09	10.00	10.05	15.03	15.03	20.00	0.10
2025-06-15/8:33:13 AM	58551	117	F300/W1/M200	29.7	-3.299	0.954	9.90	9.72	9.83	15.06	75.8	-8.418	0.988	9.85	9.39	9.63	15.06	13.8	-1.533	0.788	9.62	9.51	9.58	15.06	-1.7	0.184	0.035	10.15	10.07	10.11	15.06	15.05	20.00	0.10
2025-06-15/8:41:34 AM	59052	118	F300/W1/M200	27.0	-3.005	0.939	9.87	9.70	9.80	15.10	77.4	-8.595	0.988	9.84	9.38	9.63	15.10	0.6	-0.062	0.006	9.68	9.61	9.65	15.10	-1.2	0.135	0.025	10.24	10.15	10.19	15.10	15.08	20.00	0.10
2025-06-15/8:49:55 AM	59553	119	F300/W1/M200	25.5	-2.836	0.944	9.88	9.72	9.82	15.14	70.7	-7.859	0.984	9.83	9.37	9.63	15.14	-3.3	0.366	0.150	9.81	9.72	9.77	15.14	1.0	-0.110	0.010	10.34	10.25	10.30	15.14	15.13	20.00	0.10
2025-06-15/8:58:16 AM	60054	120	F300/W1/M200	23.1	-2.569	0.930	9.84	9.70	9.78	15.19	93.0	-10.329	0.986	9.73	9.17	9.48	15.19	-9.1	1.013	0.523	9.94	9.85	9.91	15.19	-4.4	0.487	0.129	10.45	10.32	10.39	15.19	15.18	20.00	0.10
2025-06-15/9:06:37 AM	60555	121	F300/W1/M200	25.2	-2.799	0.963	9.71	9.53	9.61	15.26	82.2	-9.133	0.983	9.73	9.24	9.51	15.26	-13.3	1.473	0.677	10.12	9.97	10.06	15.26	-12.2	1.356	0.571	10.63	10.48	10.56	15.26	15.24	20.00	0.10
2025-06-15/9:14:58 AM	61056	122	F300/W1/M200	24.3	-2.703	0.970	9.76	9.61	9.68	15.33	76.1	-8.451	0.984	9.76	9.29	9.55	15.33	-16.1	1.788	0.772	10.23	10.08	10.17	15.33	-8.5	0.942	0.406	10.72	10.59	10.65	15.33	15.31	20.00	0.10
2025-06-15/9:23:19 AM	61557	123	F300/W1/M200	28.8	-3.205	0.974	9.77	9.60	9.69	15.41	77.2	-8.583	0.984	9.72	9.26	9.51	15.41	-13.7	1.521	0.703	10.29	10.14	10.22	15.41	-2.4	0.266	0.045	10.69	10.59	10.64	15.41	15.39	20.00	0.10
2025-06-15/9:31:40 AM	62058	124	F300/W1/M200	12.5	-1.390	0.657	9.58	9.47	9.53	15.49	79.8	-8.864	0.983	9.71	9.24	9.50	15.49	-8.4	0.938	0.438	10.31	10.20	10.26	15.49	-4.5	0.501	0.157	10.70	10.59	10.64	15.49	15.46	20.00	0.10
2025-06-15/9:40:01 AM	62559	125	F300/W1/M200	25.0	-2.773	0.934	9.71	9.55	9.64	15.57	75.2	-8.357	0.981	9.69	9.23	9.49	15.57	-5.9	0.660	0.283	10.25	10.16	10.21	15.57	-4.3	0.473	0.169	10.67	10.58	10.63	15.57	15.55	20.00	0.10
2025-06-15/9:48:22 AM	63060	126	F300/W1/M200	24.1	-2.680	0.956	9.57	9.41	9.50	15.66	78.9	-8.763	0.988	9.67	9.20	9.45	15.66	-3.4	0.373	0.112	10.15	10.07	10.12	15.66	-1.5	0.169	0.026	10.61	10.53	10.57	15.66	15.63	20.00	0.10
2025-06-15/9:56:43 AM	63561	127	F300/W1/M200	24.8	-2.755	0.932	9.61	9.45	9.53	15.73	78.9	-8.765	0.991	9.61	9.15	9.39	15.73	2.5	-0.276	0.085	10.02	9.93	9.99	15.73	2.1	-0.237	0.056	10.49	10.42	10.46	15.73	15.71	20.00	0.10
2025-06-15/10:05:04 AM	64062	128	F300/W1/M200	25.4	-2.820	0.953	9.66	9.49	9.58	15.81	77.2	-8.577	0.989	9.60	9.14	9.39	15.81	5.1	-0.565	0.319	9.87	9.78	9.83	15.81	5.5	-0.609	0.344	10.39	10.28	10.33	15.81	15.78	20.00	0.10
2025-06-15/10:13:25 AM	64563	129	F300/W1/M200	26.1	-2.896	0.928	9.65	9.49	9.59	15.86	75.0	-8.332	0.959	9.55	9.11	9.38	15.86	8.1	-0.905	0.575	9.72	9.64	9.69	15.86	6.6	-0.729	0.375	10.20	10.11	10.15	15.86	15.84	20.00	0.10
2025-06-15/10:21:46 AM	65064	130	F300/W1/M200	18.2	-2.018	0.949	9.66	9.53	9.60	15.91	88.7	-9.856	0.957	9.54	9.04	9.34	15.91	8.1	-0.904	0.578	9.60	9.52	9.57	15.91	-4.4	0.486	0.249	10.14	10.05	10.09	15.91	15.89	20.00	0.10
2025-06-15/10:30:07 AM	65565	131	F300/W1/M200	19.9	-2.207	0.933	9.64	9.51	9.58	15.95	71.0	-7.894	0.972	9.52	9.09	9.33	15.95	8.6	-0.951	0.640	9.50	9.40	9.45	15.95	3.4	-0.381	0.223	10.07	10.01	10.03	15.95	15.94	20.00	0.10
2025-06-15/10:38:28 AM	66066	132	F300/W1/M200	29.5	-3.274	0.961	9.64	9.46	9.56	15.99	77.3	-8.589	0.985	9.52	9.08	9.32	15.99	5.7	-0.632	0.403	9.42	9.33	9.38	15.99	-3.0	0.338	0.162	10.03	9.95	9.99	15.99	15.98	20.00	0.10
2025-06-15/10:46:49 AM	66567	133	F300/W1/M200	30.1	-3.343	0.951	9.63	9.45	9.56	16.04	81.7	-9.077	0.988	9.53	9.05	9.31	16.04	5.9	-0.657	0.436	9.37	9.29	9.33	16.04	7.4	-0.824	0.533	10.01	9.92	9.96	16.04	16.02	20.00	0.10
2025-06-15/10:55:10 AM	67068	134	F300/W1/M200	24.1	-2.680	0.962	9.59	9.45	9.53	16.08	80.6	-8.952	0.992	9.56	9.11	9.35	16.08	3.3	-0.372	0.198	9.34	9.28	9.31	16.08	-4.5	0.500	0.351	9.98	9.91	9.95	16.08	16.06	20.00	0.10
2025-06-15/11:03:31 AM	67569	135	F300/W1/M200	24.2	-2.691	0.947	9.60	9.46	9.54	16.12	78.8	-8.752	0.991	9.55	9.10	9.33	16.12	-8.6	0.951	0.666	9.40	9.30	9.36	16.12	-6.8	0.750	0.487	10.03	9.94	9.99	16.12	16.11	20.00	0.10
2025-06-15/11:11:52 AM	68070	136	F300/W1/M200	29.9	-3.321	0.978	9.55	9.38	9.46	16.16	75.4	-8.382	0.988	9.54	9.08	9.33	16.16	-18.2	2.022	0.880	9.59	9.45	9.53	16.16	-21.3	2.365	0.910	10.12	9.97	10.04	16.16	16.15	20.00	0.10
2025-06-15/11:20:13 AM	68571	137	F300/W1/M200	27.1	-3.014	0.954	9.57	9.41	9.50	16.21	78.0	-8.668	0.987	9.53	9.08	9.33	16.21	-2.0	0.227	0.045	9.80	9.72	9.77	16.21	5.7	-0.637	0.397	10.24	10.15	10.20	16.21	16.20	20.00	0.10
2025-06-15/11:28:34 AM	69072	138	F300/W1/M200	27.9	-3.101	0.941	9.58	9.41	9.51	16.28	79.7	-8.857	0.987	9.51	9.05	9.30	16.28	8.4	-0.928	0.341	9.97	9.86	9.93	16.28	9.5	-1.059	0.462	10.34	10.22	10.27	16.28	16.26	20.00	0.10
2025-06-15/11:36:55 AM	69573	139	F300/W1/M200	14.1	-1.565	0.886	9.56	9.47	9.51	16.38	77.2	-8.575	0.985	9.49	9.01	9.27	16.38	-63.4	7.047	0.966	10.49	10.04	10.28	16.38	-40.0	4.439	0.916	10.77	10.44	10.63	16.38	16.34	20.00	0.10
2025-06-15/11:45:16 AM	70074	140	F300/W1/M200	11.7	-1.298	0.885	9.53	9.45	9.49	16.48	85.2	-9.462	0.987	9.41	8.90	9.17	16.48	-37.8	4.203	0.919	10.71	10.44	10.59	16.48	-7.0	0.781	0.277	10.76	10.63	10.69	16.48	16.45	20.00	0.10
2025-06-15/11:53:37 AM	70575	141	F300/W1/M200	8.8	-0.983	0.737	9.50	9.42	9.46	16.60	175.5	-19.503	0.955	9.38	8.36	8.98	16.60	-29.4	3.268	0.874	10.79	10.57	10.68	16.60	18.3	-2.037	0.677	10.78	10.59	10.69	16.60	16.56	20.00	0.10
2025-06-15/12:01:58 PM	71076	142	F300/W1/M200	1.3	-0.143	0.060	9.46	9.40	9.43	16.71	86.3	-9.591	0.965	9.25	8.73	9.03	16.71	-26.2	2.907	0.843	10.75	10.53	10.65	16.71	-3.1	0.341	0.036	10.75	10.61	10.68	16.71	16.67	20.00	0.10
2025-06-15/12:10:19 PM	71577	143	F300/W1/M200	11.7	-1.304	0.883	9.45	9.37	9.41	16.81	74.5	-8.275	0.966	9.31	8.86	9.11	16.81	-22.2	2.471	0.820	10.69	10.50	10.60	16.81	-14.3	1.593	0.635	10.72	10.57	10.64	16.81	16.78	20.00	0.10
2025-06-15/12:18:40 PM	72078	144	F300/W1/M200	18.3	-2.030	0.966	9.44	9.32	9.38	16.91	80.3	-8.919	0.987	9.37	8.86	9.14	16.91	1.9	-0.211	0.034	10.49	10.39	10.45	16.91	17.1	-1.899	0.514	10.64	10.41	10.54	16.91	16.88	20.00	0.10
2025-06-15/12:27:01 PM	72579	145	F300/W1/M200	17.9	-1.986	0.941	9.43	9.31	9.37	16.99	84.6	-9.403	0.989	9.32	8.82	9.10	16.99	-13.1	1.460	0.728	10.24	10.11	10.18	16.99	1.6	-0.173	0.009	10.23	10.10	10.16	16.99	16.97	20.00	0.10
2025-06-15/12:35:22 PM	73080	146	F300/W1/M200	16.9	-1.876	0.928	9.39	9.28	9.34	17.08	84.0	-9.329	0.991	9.31	8.80	9.08	17.08	-24.9	2.766	0.893	10.39	10.19	10.30	17.08	-18.9	2.101	0.768	10.60	10.41	10.51	17.08	17.05	20.00	0.10
2025-06-15/12:43:43 PM	73581	147	F300/W1/M200	7.4	-0.823	0.751	9.39	9.32	9.35	17.18	87.7	-9.747	0.987	9.31	8.78	9.06	17.18	-38.7	4.295	0.920	10.57	10.29	10.45	17.18	5.8	-0.649	0.189	10.55	10.41	10.48	17.18	17.14	20.00	0.10
2025-06-15/12:52:04 PM	74082	148	F300/W1/M200	5.7	-0.629	0.444	9.36	9.29	9.32	17.30	80.3	-8.921	0.982	9.26	8.77	9.03	17.30	-38.3	4.258	0.896	10.72	10.43	10.59	17.30	-10.3	1.147	0.471	10.71	10.58	10.64	17.30	17.26	20.00	0.10
2025-06-15/1:00:25 PM	74583	149	F300/W1/M200	7.6	-0.843	0.705	9.35	9.28	9.32	17.42	81.3	-9.034	0.979	9.22	8.75	9.01	17.42	-42.1	4.679	0.908	10.74	10.42	10.61	17.42	-38.8	4.316	0.889	10.75	10.48	10.62	17.42	17.38	20.00	0.10
2025-06-15/1:08:46 PM	75084	150	F300/W1/M200	22.6	-2.506	0.886	9.32	9.15	9.21	17.54	225.2	-25.021	0.991	9.09	7.77	8.49	17.54	-39.5	4.391	0.907	10.75	10.42	10.61	17.54	-26.8	2.977	0.813	10.72	10.50	10.62	17.54	17.50	20.00	0.10
2025-06-15/1:17:07 PM	75585	151	F300/W1/M200	4.9	-0.549	0.525	9.16	9.10	9.13	17.67	174.7	-19.412	0.960	8.91	7.90	8.51	17.67	-42.7	4.749	0.908	10.73	10.40	10.59	17.67	-30.2	3.358	0.814	10.74	10.51	10.63	17.67	17.63	20.00	0.10
2025-06-15/1:25:28 PM	76086	152	F300/W1/M200	7.6	-0.845	0.581	9.06	8.99	9.01	17.82	125.0	-13.887	0.973	8.89	8.17	8.59	17.82	-42.9	4.772	0.914	10.71	10.38	10.56	17.82	-9.4	1.046	0.325	10.70	10.56	10.63	17.82	17.77	20.00	0.10
2025-06-15/1:33:49 PM	76587	153	F300/W1/M200	3.0	-0.335	0.177	9.09	9.01	9.04	17.97	94.4	-10.486	0.980	8.93	8.36	8.67	17.97	-45.7	5.079	0.919	10.69	10.32	10.51	17.97	-6.3	0.698	0.163	10.59	10.43	10.52	17.97	17.92	20.00	0.10
2025-06-15/1:42:10 PM	77088	154	F300/W1/M200	6.8	-0.752	0.563	9.09	9.02	9.06	18.12	89.2	-9.910	0.985	8.92	8.37	8.67	18.12	-43.8	4.866	0.923	10.64	10.33	10.49	18.12	1.8	-0.199	0.010	10.57	10.40	10.50	18.12	18.07	20.00	0.10
2025-06-15/1:50:31 PM	77589	155	F300/W1/M200	31.9	-3.550	0.971	9.03	8.84	8.94	18.22	97.5	-10.831	0.993	8.92	8.36	8.66	18.22	50.8	-5.647	0.953	10.33	9.99	10.19	18.22	85.7	-9.521	0.980	10.35	9.83	10.10	18.22	18.19	20.00	0.10
2025-06-15/1:58:52 PM	78090	156	F300/W1/M200	8.2	-0.914	0.642	9.04	8.96	8.99	18.34	93.3	-10.363	0.978	8.87	8.30	8.62	18.34	-63.4	7.042	0.947	10.39	9.91	10.17	18.34	18.9	-2.096	0.314	10.26	10.02	10.16	18.34	18.30	20.00	0.10
2025-06-15/2:07:13 PM	78591	157	F300/W1/M200	6.5	-0.718	0.515	9.02	8.94	8.97	18.48	177.6	-19.732	0.990	8.73	7.73	8.26	18.48	-54.6	6.069	0.932	10.60	10.19	10.42	18.48	-36.2	4.021	0.851	10.64	10.35	10.48	18.48	18.43	20.00	0.10
2025-06-15/2:15:34 PM	79092	158	F300/W1/M200	5.4	-0.604	0.493	8.98	8.91	8.94	18.63	80.4	-8.934	0.974	8.79	8.27	8.57	18.63	-49.8	5.529	0.907	10.61	10.28	10.47	18.63	-23.4	2.605	0.520	10.63	10.39	10.50	18.63	18.58	20.00	0.10
2025-06-15/2:23:55 PM	79593	159	F300/W1/M200	6.7	-0.747	0.501	8.97	8.89	8.93	18.78	99.9	-11.097	0.987	8.81	8.21	8.54	18.78	-52.3	5.807	0.921	10.55	10.16	10.36	18.78	-12.2	1.360	0.314	10.44	10.24	10.35	18.78	18.73	20.00	0.10
2025-06-15/2:32:16 PM	80094	160	F300/W1/M200	35.7	-3.965	0.971	8.87	8.67	8.78	18.89	102.2	-11.350	0.984	8.81	8.20	8.54	18.89	50.6	-5.621	0.963	10.09	9.76	9.94	18.89	51.4	-5.716	0.959	10.07	9.68	9.89	18.89	18.86	20.00	0.10
2025-06-15/2:40:37 PM	80595	161	F300/W1/M200	35.5	-3.948	0.969	8.89	8.68	8.80	18.94	122.5	-13.610	0.989	8.65	7.95	8.34	18.94	20.8	-2.309	0.907	9.35	9.19	9.28	18.94	3.5	-0.393	0.094	9.43	9.32	9.37	18.94	18.93	20.00	0.10
2025-06-15/2:48:58 PM	81096	162	F300/W1/M200	8.5	-0.947	0.695	8.85	8.77	8.80	19.01	109.3	-12.147	0.983	8.71	8.05	8.40	19.01	-71.5	7.945	0.961	9.59	9.15	9.34	19.01	-43.1	4.785	0.863	9.83	9.48	9.65	19.01	18.98	20.00	0.10
2025-06-15/2:57:19 PM	81597	163	F300/W1/M200	26.2	-2.908	0.959	8.85	8.68	8.78	19.10	105.1	-11.680	0.969	8.71	8.07	8.45	19.10	-0.5	0.051	0.001	9.82	9.68	9.78	19.10	58.9	-6.541	0.953	9.99	9.59	9.81	19.10	19.08	20.00	0.10
2025-06-15/3:05:40 PM	82098	164	F300/W1/M200	4.3	-0.480	0.043	8.86	8.61	8.80	19.22	73.7	-8.185	0.902	8.64	8.18	8.43	19.22	-73.0	8.109	0.888	10.35	9.68	10.14	19.22	-60.0	6.668	0.823	10.39	9.79	10.18	19.22	19.18	20.00	0.10
2025-06-15/3:14:01 PM	82599	165	F300/W1/M200	6.9	-0.772	0.500	8.82	8.74	8.78	19.34	96.3	-10.700	0.984	8.68	8.09	8.41	19.34	-58.8	6.536	0.943	10.28	9.87	10.09	19.34	-21.9	2.438	0.607	10.23	9.97	10.09	19.34	19.29	20.00	0.10
2025-06-15/3:22:22 PM	83100	166	F300/W1/M200	11.4	-1.265	0.721	8.81	8.70	8.75	19.44	99.3	-11.038	0.988	8.66	8.03	8.37	19.44	-55.7	6.193	0.927	10.20	9.77	9.97	19.44	-46.8	5.203	0.885	10.06	9.72	9.89	19.44	19.41	20.00	0.10
2025-06-15/3:30:43 PM	83601	167	F300/W1/M200	3.1	-0.339	0.134	8.80	8.71	8.76	19.56	100.8	-11.198	0.977	8.64	8.03	8.36	19.56	-42.1	4.677	0.892	10.24	9.92	10.10	19.56	37.2	-4.129	0.775	10.13	9.83	9.96	19.56	19.53	20.00	0.10
2025-06-15/3:39:04 PM	84102	168	F300/W1/M200	15.5	-1.727	0.848	8.76	8.65	8.70	19.67	101.3	-11.256	0.967	8.60	7.99	8.34	19.67	-21.2	2.359	0.494	10.13	9.89	10.04	19.67	4.4	-0.490	0.025	10.08	9.86	9.97	19.67	19.63	20.00	0.10
2025-06-15/3:47:25 PM	84603	169	F300/W1/M200	17.8	-1.982	0.889	8.74	8.61	8.68	19.78	99.4	-11.039	0.975	8.62	8.02	8.35	19.78	-13.8	1.531	0.175	10.10	9.89	10.01	19.78	-7.2	0.796	0.049	10.21	9.94	10.12	19.78	19.74	20.00	0.10
2025-06-15/3:55:46 PM	85104	170	F300/W1/M200	31.1	-3.458	0.929	8.72	8.53	8.64	19.85	97.1	-10.793	0.980	8.53	7.94	8.27	19.85	47.2	-5.243	0.962	9.50	9.18	9.35	19.85	51.6	-5.729	0.950	9.65	9.31	9.47	19.85	19.83	20.00	0.10
2025-06-15/4:04:07 PM	85605	171	F300/W1/M200	8.2	-0.913	0.618	8.71	8.63	8.67	19.92	103.6	-11.511	0.989	8.55	7.91	8.24	19.92	-71.3	7.927	0.964	9.66	9.16	9.40	19.92	-57.9	6.431	0.914	9.98	9.58	9.77	19.92	19.90	20.00	0.10
2025-06-15/4:12:28 PM	86106	172	F300/W1/M200	4.6	-0.513	0.299	8.70	8.62	8.66	20.04	97.5	-10.829	0.984	8.51	7.91	8.24	20.04	-48.1	5.345	0.906	10.03	9.67	9.87	20.04	-12.7	1.411	0.344	10.14	9.91	10.03	20.04	20.00	20.00	0.10
2025-06-15/4:20:49 PM	86607	173	F300/W1/M200	9.7	-1.078	0.723	8.67	8.58	8.62	20.16	105.7	-11.749	0.987	8.52	7.86	8.22	20.16	-35.6	3.955	0.854	10.12	9.82	9.98	20.16	-22.3	2.472	0.618	10.18	9.95	10.08	20.16	20.12	20.00	0.10
2025-06-15/4:29:10 PM	87108	174	F300/W1/M200	7.7	-0.855	0.473	8.60	8.50	8.54	20.29	154.8	-17.197	0.988	8.31	7.40	7.90	20.29	-26.7	2.965	0.735	10.00	9.76	9.90	20.29	0.5	-0.054	0.001	10.06	9.89	9.97	20.29	20.25	20.00	0.10
2025-06-15/4:37:31 PM	87609	175	F300/W1/M200	18.9	-2.105	0.898	8.58	8.44	8.50	20.38	103.5	-11.499	0.978	8.34	7.71	8.07	20.38	-10.2	1.135	0.344	9.83	9.67	9.76	20.38	7.2	-0.797	0.136	9.82	9.62	9.70	20.38	20.35	20.00	0.10
2025-06-15/4:45:52 PM	88110	176	F300/W1/M200	27.6	-3.071	0.905	8.55	8.37	8.47	20.42	107.0	-11.886	0.991	8.39	7.75	8.10	20.42	29.0	-3.227	0.883	9.50	9.28	9.40	20.42	4.1	-0.460	0.106	9.46	9.32	9.39	20.42	20.41	20.00	0.10
2025-06-15/4:54:13 PM	88611	177	F300/W1/M200	31.7	-3.524	0.970	8.53	8.34	8.44	20.44	102.6	-11.399	0.977	8.35	7.76	8.09	20.44	25.1	-2.793	0.900	9.03	8.83	8.94	20.44	-0.3	0.029	0.001	9.28	9.20	9.24	20.44	20.43	20.00	0.10
2025-06-15/5:02:34 PM	89112	178	F300/W1/M200	27.5	-3.058	0.965	8.51	8.35	8.44	20.47	108.3	-12.032	0.977	8.36	7.74	8.09	20.47	8.9	-0.986	0.477	8.75	8.63	8.70	20.47	-3.7	0.411	0.100	9.26	9.14	9.20	20.47	20.46	20.00	0.10
2025-06-15/5:10:55 PM	89613	179	F300/W1/M200	31.4	-3.484	0.966	8.53	8.34	8.44	20.49	102.0	-11.333	0.991	8.35	7.76	8.07	20.49	13.1	-1.453	0.769	8.57	8.44	8.50	20.49	-6.5	0.725	0.255	9.09	8.94	9.02	20.49	20.48	20.00	0.10
2025-06-15/5:19:16 PM	90114	180	F300/W1/M200	30.4	-3.372	0.963	8.53	8.34	8.44	20.49	103.7	-11.519	0.985	8.34	7.73	8.07	20.49	21.5	-2.386	0.889	8.53	8.37	8.47	20.49	15.7	-1.741	0.770	9.06	8.92	8.98	20.49	20.50	20.00	0.10
2025-06-15/5:27:37 PM	90615	181	F300/W1/M200	31.9	-3.540	0.956	8.51	8.33	8.43	20.49	122.4	-13.603	0.988	8.35	7.66	8.05	20.49	45.8	-5.087	0.948	8.36	8.07	8.24	20.49	2.8	-0.316	0.111	8.88	8.80	8.84	20.49	20.49	20.00	0.10
