Date & time of file creation	2025-06-13 1:45 PM																																	
Data file path	C:\Users\ry1ho\OneDrive\Desktop\Kenauk Respirometry   2024 RH\15 C Respirometry Data 2025\Trial 7 June 13 2025\2025-06-13_BrookTrout_EPOC_15C_Trial7.txt																																	
Raw data file path	C:\Users\ry1ho\OneDrive\Desktop\Kenauk Respirometry   2024 RH\15 C Respirometry Data 2025\Trial 7 June 13 2025\2025-06-13_BrookTrout_EPOC_15C_Trial7_raw.txt																																	
																																		
																																		
Parameter/Chamber	Wet weight [g]	Resp. volume [mL]	Fish length [cm]	Fractional error [%]	Chamber notes																													
Chamber 1	100	900	10																															
Chamber 2	100	900																																
Chamber 3	100	900																																
Chamber 4	100	900																																
																																		
																																		
Date &Time [DD-MM-YYYY/HH:MM:SS]	Time [sec]	Loop	Phase time [s]	CH 1 MO2 [mgO2/kg/hr]	CH 1 slope [mgO2/L/hr]	CH 1 R^2	CH 1 max O2 [mgO2/L]	CH 1 min O2 [mgO2/L]	CH 1 avg O2 [mgO2/L]	CH 1 avg temp [°C]	CH 2 MO2 [mgO2/kg/hr]	CH 2 slope [mgO2/L/hr]	CH 2 R^2	CH 2 max O2 [mgO2/L]	CH 2 min O2 [mgO2/L]	CH 2 avg O2 [mgO2/L]	CH 2 avg temp [°C]	CH 3 MO2 [mgO2/kg/hr]	CH 3 slope [mgO2/L/hr]	CH 3 R^2	CH 3 max O2 [mgO2/L]	CH 3 min O2 [mgO2/L]	CH 3 avg O2 [mgO2/L]	CH 3 avg temp [°C]	CH 4 MO2 [mgO2/kg/hr]	CH 4 slope [mgO2/L/hr]	CH 4 R^2	CH 4 max O2 [mgO2/L]	CH 4 min O2 [mgO2/L]	CH 4 avg O2 [mgO2/L]	CH 4 avg temp [°C]	AMB temp N°1 avg temp [°C]	AMB temp N°1 setpoint [°C]	AMB temp N°1 hysteresis [°C]
2025-06-13/2:03:35 PM	1004	1	F300/W1/M200	143.2	-15.914	0.990	10.23	9.39	9.86	15.09	2.2	-0.241	0.108	10.13	10.06	10.09	15.09	1.0	-0.112	0.011	10.08	9.98	10.03	15.09	2.8	-0.311	0.089	10.40	10.31	10.35	15.09	14.97	20.00	0.10
2025-06-13/2:11:56 PM	1505	2	F300/W1/M200	118.1	-13.122	0.976	9.90	9.19	9.62	15.08	120.7	-13.411	0.951	10.04	9.35	9.77	15.08	6.6	-0.731	0.375	9.98	9.88	9.93	15.08	3.3	-0.363	0.099	10.35	10.24	10.29	15.08	15.07	20.00	0.10
2025-06-13/2:20:17 PM	2006	3	F300/W1/M200	143.2	-15.908	0.984	9.73	8.92	9.39	15.06	154.1	-17.125	0.963	9.55	8.68	9.20	15.06	35.4	-3.929	0.800	9.89	9.61	9.78	15.06	5.2	-0.575	0.222	10.30	10.19	10.24	15.06	15.07	20.00	0.10
2025-06-13/2:28:38 PM	2507	4	F300/W1/M200	99.7	-11.079	0.979	9.72	9.15	9.48	15.01	158.0	-17.558	0.978	9.43	8.55	9.06	15.01	74.7	-8.299	0.983	9.69	9.25	9.48	15.01	-1.1	0.126	0.016	10.21	10.13	10.17	15.01	15.03	20.00	0.10
2025-06-13/2:36:59 PM	3008	5	F300/W1/M200	94.8	-10.534	0.979	9.61	9.08	9.39	15.19	155.4	-17.263	0.980	9.33	8.45	8.96	15.19	68.4	-7.595	0.976	9.56	9.12	9.37	15.19	1.1	-0.126	0.018	10.11	10.03	10.07	15.19	15.11	20.00	0.10
2025-06-13/2:45:20 PM	3509	6	F300/W1/M200	83.5	-9.281	0.977	9.58	9.11	9.38	15.31	179.5	-19.943	0.989	9.27	8.26	8.82	15.31	59.7	-6.639	0.984	9.52	9.17	9.35	15.31	-0.0	0.005	0.000	10.05	9.96	10.00	15.31	15.29	20.00	0.10
2025-06-13/2:53:41 PM	4010	7	F300/W1/M200	127.7	-14.190	0.986	9.42	8.71	9.12	15.07	139.2	-15.466	0.972	9.26	8.42	8.92	15.07	53.8	-5.975	0.972	9.52	9.17	9.36	15.07	-3.0	0.332	0.075	10.09	9.99	10.03	15.07	15.13	20.00	0.10
2025-06-13/3:02:02 PM	4511	8	F300/W1/M200	123.9	-13.762	0.982	9.54	8.81	9.24	15.02	141.3	-15.696	0.983	9.16	8.37	8.83	15.02	61.8	-6.872	0.978	9.48	9.09	9.29	15.02	5.1	-0.566	0.167	10.05	9.93	9.99	15.02	14.99	20.00	0.10
2025-06-13/3:10:23 PM	5012	9	F300/W1/M200	135.3	-15.035	0.994	9.35	8.55	9.00	15.10	172.6	-19.174	0.992	9.21	8.22	8.77	15.10	59.5	-6.608	0.962	9.42	9.02	9.25	15.10	0.4	-0.045	0.001	10.01	9.90	9.96	15.10	15.08	20.00	0.10
2025-06-13/3:18:44 PM	5513	10	F300/W1/M200	157.0	-17.447	0.985	9.33	8.46	8.96	15.16	152.6	-16.956	0.978	9.13	8.24	8.76	15.16	56.5	-6.277	0.963	9.40	9.06	9.24	15.16	0.4	-0.042	0.001	10.00	9.88	9.94	15.16	15.14	20.00	0.10
2025-06-13/3:27:05 PM	6014	11	F300/W1/M200	115.1	-12.787	0.963	9.29	8.60	9.03	15.22	152.1	-16.898	0.987	9.14	8.25	8.74	15.22	52.6	-5.840	0.970	9.35	9.03	9.21	15.22	0.4	-0.043	0.001	9.98	9.86	9.91	15.22	15.20	20.00	0.10
2025-06-13/3:35:26 PM	6515	12	F300/W1/M200	76.0	-8.441	0.956	9.41	8.98	9.24	15.08	147.7	-16.416	0.975	9.23	8.43	8.88	15.08	44.4	-4.935	0.951	9.42	9.14	9.29	15.08	-3.1	0.349	0.090	10.00	9.90	9.95	15.08	15.17	20.00	0.10
2025-06-13/3:43:47 PM	7016	13	F300/W1/M200	70.9	-7.880	0.981	9.51	9.11	9.33	14.99	124.7	-13.850	0.983	9.24	8.51	8.94	14.99	58.9	-6.547	0.985	9.43	9.07	9.25	14.99	8.5	-0.941	0.517	10.01	9.91	9.95	14.99	14.98	20.00	0.10
2025-06-13/3:52:08 PM	7517	14	F300/W1/M200	123.0	-13.671	0.985	9.40	8.68	9.11	15.06	169.5	-18.833	0.988	9.17	8.20	8.75	15.06	50.6	-5.625	0.961	9.38	9.07	9.24	15.06	0.1	-0.008	0.000	9.97	9.88	9.93	15.06	15.04	20.00	0.10
2025-06-13/4:00:29 PM	8018	15	F300/W1/M200	145.5	-16.171	0.984	9.29	8.49	8.95	15.14	158.5	-17.616	0.985	9.15	8.23	8.77	15.14	44.5	-4.943	0.974	9.38	9.10	9.25	15.14	1.0	-0.107	0.024	9.95	9.90	9.93	15.14	15.12	20.00	0.10
2025-06-13/4:08:50 PM	8519	16	F300/W1/M200	154.7	-17.185	0.985	9.27	8.40	8.90	15.18	155.5	-17.283	0.983	9.14	8.19	8.73	15.18	45.3	-5.033	0.934	9.38	9.09	9.25	15.18	0.5	-0.053	0.001	9.97	9.82	9.90	15.18	15.17	20.00	0.10
2025-06-13/4:17:11 PM	9020	17	F300/W1/M200	143.6	-15.956	0.972	9.29	8.45	8.97	15.10	153.9	-17.097	0.981	9.17	8.33	8.80	15.10	33.5	-3.724	0.939	9.43	9.19	9.31	15.10	-6.3	0.698	0.364	9.98	9.90	9.95	15.10	15.17	20.00	0.10
2025-06-13/4:25:32 PM	9521	18	F300/W1/M200	114.6	-12.731	0.983	9.28	8.64	9.00	14.90	142.7	-15.860	0.987	9.18	8.37	8.83	14.90	34.1	-3.794	0.941	9.43	9.20	9.32	14.90	-4.3	0.475	0.195	10.01	9.92	9.98	14.90	14.96	20.00	0.10
2025-06-13/4:33:53 PM	10022	19	F300/W1/M200	111.6	-12.398	0.993	9.33	8.66	9.03	15.05	151.9	-16.876	0.981	9.14	8.33	8.78	15.05	39.2	-4.361	0.962	9.38	9.13	9.26	15.05	3.4	-0.381	0.162	9.96	9.89	9.92	15.05	14.95	20.00	0.10
2025-06-13/4:42:14 PM	10523	20	F300/W1/M200	133.1	-14.785	0.987	9.32	8.55	8.98	15.17	168.6	-18.734	0.989	9.19	8.20	8.76	15.17	32.3	-3.588	0.950	9.37	9.14	9.27	15.17	-0.0	0.004	0.000	9.92	9.85	9.89	15.17	15.15	20.00	0.10
2025-06-13/4:50:35 PM	11024	21	F300/W1/M200	123.9	-13.764	0.985	9.25	8.52	8.94	15.18	149.0	-16.551	0.984	9.12	8.26	8.75	15.18	27.7	-3.082	0.932	9.34	9.16	9.25	15.18	-9.5	1.061	0.574	9.95	9.84	9.89	15.18	15.19	20.00	0.10
2025-06-13/4:58:56 PM	11525	22	F300/W1/M200	138.2	-15.355	0.972	9.31	8.50	9.00	14.92	165.0	-18.333	0.994	9.18	8.25	8.75	14.92	27.0	-3.001	0.943	9.40	9.21	9.31	14.92	-2.0	0.226	0.081	10.00	9.92	9.95	14.92	14.99	20.00	0.10
2025-06-13/5:07:17 PM	12026	23	F300/W1/M200	126.3	-14.029	0.950	9.32	8.59	9.05	14.99	129.2	-14.351	0.982	9.09	8.30	8.77	14.99	36.5	-4.054	0.965	9.37	9.13	9.25	14.99	2.0	-0.221	0.070	9.96	9.88	9.92	14.99	14.93	20.00	0.10
2025-06-13/5:15:38 PM	12527	24	F300/W1/M200	121.1	-13.452	0.980	9.28	8.62	8.99	15.17	95.6	-10.623	0.986	9.10	8.54	8.85	15.17	33.6	-3.733	0.959	9.36	9.14	9.25	15.17	1.7	-0.188	0.050	9.92	9.84	9.88	15.17	15.12	20.00	0.10
2025-06-13/5:23:59 PM	13028	25	F300/W1/M200	105.9	-11.766	0.987	9.30	8.70	9.02	15.22	159.4	-17.713	0.982	9.15	8.22	8.76	15.22	37.4	-4.160	0.971	9.36	9.13	9.25	15.22	-0.5	0.060	0.006	9.91	9.83	9.87	15.22	15.21	20.00	0.10
2025-06-13/5:32:20 PM	13529	26	F300/W1/M200	114.1	-12.674	0.966	9.34	8.68	9.08	15.04	141.2	-15.691	0.984	9.18	8.39	8.83	15.04	26.3	-2.922	0.935	9.43	9.25	9.34	15.04	-2.9	0.327	0.158	9.96	9.89	9.93	15.04	15.14	20.00	0.10
2025-06-13/5:40:41 PM	14030	27	F300/W1/M200	122.0	-13.554	0.964	9.39	8.64	9.09	14.97	177.7	-19.743	0.985	9.17	8.13	8.70	14.97	34.9	-3.877	0.927	9.42	9.18	9.29	14.97	5.8	-0.640	0.208	9.98	9.84	9.92	14.97	14.95	20.00	0.10
2025-06-13/5:49:02 PM	14531	28	F300/W1/M200	119.4	-13.265	0.960	9.36	8.69	9.10	15.16	143.6	-15.959	0.990	9.12	8.29	8.76	15.16	37.1	-4.119	0.971	9.34	9.11	9.24	15.16	3.4	-0.378	0.192	9.92	9.85	9.88	15.16	15.10	20.00	0.10
2025-06-13/5:57:23 PM	15032	29	F300/W1/M200	83.1	-9.233	0.991	9.44	8.96	9.23	15.19	129.3	-14.372	0.975	9.14	8.40	8.85	15.19	24.1	-2.681	0.931	9.36	9.20	9.28	15.19	-0.3	0.035	0.003	9.90	9.84	9.87	15.19	15.19	20.00	0.10
2025-06-13/6:05:44 PM	15533	30	F300/W1/M200	54.5	-6.058	0.974	9.51	9.19	9.37	15.21	160.5	-17.828	0.988	9.11	8.17	8.71	15.21	43.3	-4.814	0.970	9.36	9.10	9.23	15.21	-0.7	0.082	0.018	9.89	9.84	9.87	15.21	15.21	20.00	0.10
2025-06-13/6:14:05 PM	16034	31	F300/W1/M200	55.3	-6.144	0.970	9.50	9.16	9.37	15.23	135.6	-15.072	0.984	9.23	8.47	8.90	15.23	32.0	-3.559	0.961	9.39	9.18	9.28	15.23	-0.6	0.066	0.010	9.90	9.84	9.87	15.23	15.22	20.00	0.10
2025-06-13/6:22:26 PM	16535	32	F300/W1/M200	69.5	-7.720	0.986	9.50	9.10	9.33	15.25	92.1	-10.234	0.988	9.24	8.71	9.00	15.25	29.8	-3.310	0.963	9.40	9.20	9.30	15.25	-0.7	0.081	0.013	9.90	9.84	9.87	15.25	15.24	20.00	0.10
2025-06-13/6:30:47 PM	17036	33	F300/W1/M200	50.5	-5.608	0.955	9.51	9.21	9.39	15.27	158.9	-17.659	0.985	9.21	8.29	8.83	15.27	32.0	-3.551	0.957	9.43	9.21	9.33	15.27	-1.1	0.122	0.034	9.91	9.85	9.87	15.27	15.26	20.00	0.10
2025-06-13/6:39:08 PM	17537	34	F300/W1/M200	51.7	-5.742	0.971	9.54	9.22	9.40	15.29	145.6	-16.176	0.987	9.23	8.39	8.86	15.29	29.8	-3.314	0.937	9.43	9.23	9.34	15.29	-0.6	0.071	0.013	9.90	9.85	9.88	15.29	15.29	20.00	0.10
2025-06-13/6:47:29 PM	18038	35	F300/W1/M200	49.4	-5.487	0.962	9.52	9.22	9.41	15.31	110.3	-12.259	0.992	9.25	8.62	8.95	15.31	26.4	-2.937	0.953	9.42	9.24	9.34	15.31	-0.2	0.024	0.001	9.91	9.85	9.88	15.31	15.31	20.00	0.10
2025-06-13/6:55:50 PM	18539	36	F300/W1/M200	63.7	-7.081	0.982	9.50	9.13	9.34	15.33	85.6	-9.512	0.974	9.31	8.79	9.10	15.33	34.8	-3.866	0.973	9.42	9.20	9.32	15.33	-1.3	0.147	0.041	9.91	9.84	9.88	15.33	15.32	20.00	0.10
2025-06-13/7:04:11 PM	19040	37	F300/W1/M200	40.0	-4.448	0.950	9.55	9.33	9.46	15.05	126.3	-14.036	0.989	9.26	8.54	8.94	15.05	17.5	-1.947	0.867	9.48	9.36	9.43	15.05	-4.2	0.470	0.333	10.00	9.94	9.96	15.05	15.14	20.00	0.10
2025-06-13/7:12:32 PM	19541	38	F300/W1/M200	57.6	-6.401	0.965	9.55	9.22	9.42	15.06	120.8	-13.418	0.985	9.20	8.52	8.90	15.06	24.1	-2.677	0.947	9.43	9.26	9.36	15.06	0.3	-0.029	0.002	9.97	9.91	9.94	15.06	15.02	20.00	0.10
2025-06-13/7:20:53 PM	20042	39	F300/W1/M200	46.1	-5.117	0.962	9.57	9.28	9.45	15.08	152.9	-16.988	0.973	9.21	8.35	8.86	15.08	34.3	-3.810	0.940	9.47	9.25	9.38	15.08	1.5	-0.172	0.066	9.96	9.90	9.93	15.08	15.07	20.00	0.10
2025-06-13/7:29:14 PM	20543	40	F300/W1/M200	52.5	-5.830	0.961	9.55	9.25	9.43	15.09	136.6	-15.183	0.981	9.26	8.42	8.91	15.09	28.2	-3.133	0.967	9.47	9.28	9.38	15.09	-1.7	0.190	0.083	9.94	9.89	9.92	15.09	15.09	20.00	0.10
2025-06-13/7:37:35 PM	21044	41	F300/W1/M200	47.9	-5.320	0.959	9.57	9.29	9.46	15.10	127.6	-14.178	0.969	9.21	8.46	8.91	15.10	45.3	-5.032	0.970	9.44	9.16	9.32	15.10	0.6	-0.064	0.012	9.95	9.89	9.92	15.10	15.10	20.00	0.10
2025-06-13/7:45:56 PM	21545	42	F300/W1/M200	45.7	-5.079	0.971	9.56	9.29	9.44	15.11	163.0	-18.113	0.989	9.15	8.26	8.75	15.11	23.2	-2.579	0.956	9.45	9.29	9.38	15.11	-0.0	0.001	0.000	9.94	9.88	9.91	15.11	15.11	20.00	0.10
2025-06-13/7:54:17 PM	22046	43	F300/W1/M200	43.9	-4.882	0.966	9.55	9.29	9.44	15.12	129.5	-14.389	0.983	9.16	8.42	8.84	15.12	22.3	-2.478	0.942	9.45	9.31	9.39	15.12	0.1	-0.009	0.000	9.93	9.88	9.91	15.12	15.12	20.00	0.10
2025-06-13/8:02:38 PM	22547	44	F300/W1/M200	44.2	-4.910	0.953	9.55	9.30	9.46	15.12	158.1	-17.561	0.983	9.18	8.25	8.80	15.12	29.1	-3.229	0.961	9.43	9.25	9.35	15.12	-0.2	0.017	0.001	9.92	9.88	9.90	15.12	15.12	20.00	0.10
2025-06-13/8:10:59 PM	23048	45	F300/W1/M200	41.1	-4.571	0.962	9.56	9.32	9.46	15.13	124.9	-13.880	0.993	9.21	8.47	8.88	15.13	27.0	-3.003	0.962	9.43	9.27	9.36	15.13	-0.9	0.101	0.036	9.92	9.87	9.90	15.13	15.13	20.00	0.10
2025-06-13/8:19:20 PM	23549	46	F300/W1/M200	51.4	-5.713	0.983	9.57	9.27	9.43	15.12	137.1	-15.235	0.988	9.29	8.51	8.96	15.12	21.9	-2.428	0.939	9.44	9.30	9.38	15.12	0.0	-0.002	0.000	9.92	9.88	9.90	15.12	15.12	20.00	0.10
2025-06-13/8:27:41 PM	24050	47	F300/W1/M200	45.8	-5.083	0.946	9.55	9.29	9.45	15.12	122.2	-13.575	0.993	9.30	8.59	8.98	15.12	41.0	-4.551	0.984	9.43	9.18	9.32	15.12	-0.6	0.071	0.017	9.92	9.88	9.90	15.12	15.12	20.00	0.10
2025-06-13/8:36:02 PM	24551	48	F300/W1/M200	43.1	-4.784	0.959	9.56	9.31	9.46	15.12	91.5	-10.169	0.984	9.24	8.71	9.02	15.12	38.0	-4.224	0.970	9.42	9.19	9.32	15.12	-1.0	0.116	0.048	9.92	9.88	9.90	15.12	15.12	20.00	0.10
2025-06-13/8:44:23 PM	25052	49	F300/W1/M200	43.5	-4.831	0.965	9.56	9.29	9.45	15.11	92.1	-10.229	0.995	9.30	8.77	9.05	15.11	53.4	-5.935	0.971	9.42	9.10	9.29	15.11	-0.5	0.061	0.020	9.93	9.89	9.91	15.11	15.11	20.00	0.10
2025-06-13/8:52:44 PM	25553	50	F300/W1/M200	61.9	-6.873	0.967	9.56	9.21	9.42	15.10	79.2	-8.798	0.981	9.40	8.94	9.21	15.10	63.8	-7.084	0.970	9.39	9.02	9.23	15.10	-0.9	0.101	0.043	9.93	9.88	9.91	15.10	15.11	20.00	0.10
2025-06-13/9:01:05 PM	26054	51	F300/W1/M200	118.1	-13.121	0.979	9.40	8.70	9.12	15.09	94.3	-10.482	0.988	9.36	8.80	9.13	15.09	66.3	-7.369	0.978	9.37	9.00	9.21	15.09	-0.5	0.053	0.013	9.93	9.89	9.91	15.09	15.10	20.00	0.10
2025-06-13/9:09:26 PM	26555	52	F300/W1/M200	129.2	-14.352	0.991	9.34	8.62	9.03	15.08	116.4	-12.934	0.983	9.30	8.60	9.00	15.08	68.0	-7.552	0.971	9.37	8.99	9.21	15.08	-0.1	0.014	0.001	9.93	9.89	9.91	15.08	15.08	20.00	0.10
2025-06-13/9:17:47 PM	27056	53	F300/W1/M200	136.9	-15.212	0.975	9.30	8.53	8.99	15.07	134.7	-14.970	0.978	9.25	8.47	8.94	15.07	65.1	-7.235	0.969	9.33	8.97	9.18	15.07	-0.3	0.034	0.006	9.92	9.89	9.90	15.07	15.07	20.00	0.10
2025-06-13/9:26:08 PM	27557	54	F300/W1/M200	133.4	-14.826	0.981	9.26	8.46	8.94	15.05	169.0	-18.777	0.983	9.15	8.20	8.75	15.05	65.4	-7.263	0.980	9.32	8.96	9.16	15.05	-0.1	0.013	0.001	9.91	9.87	9.89	15.05	15.06	20.00	0.10
2025-06-13/9:34:29 PM	28058	55	F300/W1/M200	151.1	-16.792	0.988	9.27	8.42	8.90	15.04	159.8	-17.753	0.990	9.09	8.18	8.70	15.04	55.4	-6.159	0.984	9.33	8.99	9.18	15.04	0.3	-0.030	0.004	9.90	9.86	9.88	15.04	15.04	20.00	0.10
2025-06-13/9:42:50 PM	28559	56	F300/W1/M200	90.3	-10.034	0.961	9.23	8.69	9.03	15.02	135.1	-15.006	0.984	9.14	8.37	8.82	15.02	67.4	-7.486	0.992	9.30	8.90	9.12	15.02	-0.0	0.001	0.000	9.89	9.85	9.87	15.02	15.02	20.00	0.10
2025-06-13/9:51:11 PM	29060	57	F300/W1/M200	71.0	-7.890	0.937	9.36	8.93	9.21	15.01	73.1	-8.123	0.994	9.27	8.86	9.08	15.01	69.5	-7.720	0.985	9.29	8.89	9.12	15.01	-0.5	0.050	0.017	9.87	9.84	9.86	15.01	15.01	20.00	0.10
2025-06-13/9:59:32 PM	29561	58	F300/W1/M200	68.2	-7.579	0.967	9.39	9.00	9.23	15.09	70.9	-7.875	0.980	9.29	8.88	9.12	15.09	43.3	-4.806	0.965	9.36	9.11	9.26	15.09	0.2	-0.021	0.003	9.86	9.83	9.85	15.09	15.06	20.00	0.10
2025-06-13/10:07:53 PM	30062	59	F300/W1/M200	59.8	-6.647	0.973	9.50	9.15	9.36	15.09	78.8	-8.759	0.989	9.36	8.92	9.16	15.09	51.8	-5.754	0.986	9.35	9.05	9.21	15.09	-1.7	0.185	0.151	9.88	9.84	9.86	15.09	15.09	20.00	0.10
2025-06-13/10:16:14 PM	30563	60	F300/W1/M200	63.7	-7.080	0.987	9.55	9.17	9.39	15.07	69.3	-7.704	0.988	9.40	9.01	9.22	15.07	34.7	-3.856	0.973	9.40	9.19	9.31	15.07	-1.4	0.159	0.154	9.89	9.85	9.87	15.07	15.07	20.00	0.10
2025-06-13/10:24:35 PM	31064	61	F300/W1/M200	76.2	-8.467	0.993	9.52	9.07	9.32	15.05	47.8	-5.308	0.931	9.40	9.10	9.29	15.05	37.7	-4.191	0.978	9.43	9.21	9.33	15.05	-1.4	0.161	0.122	9.91	9.87	9.89	15.05	15.06	20.00	0.10
2025-06-13/10:32:56 PM	31565	62	F300/W1/M200	59.4	-6.597	0.979	9.58	9.22	9.43	15.03	126.8	-14.088	0.982	9.34	8.61	9.03	15.03	40.3	-4.472	0.988	9.44	9.19	9.33	15.03	-2.2	0.240	0.268	9.93	9.89	9.91	15.03	15.04	20.00	0.10
2025-06-13/10:41:17 PM	32066	63	F300/W1/M200	56.6	-6.286	0.987	9.59	9.26	9.44	15.01	170.2	-18.913	0.990	9.27	8.32	8.85	15.01	52.2	-5.805	0.965	9.41	9.12	9.29	15.01	-0.4	0.042	0.009	9.95	9.90	9.92	15.01	15.02	20.00	0.10
2025-06-13/10:49:38 PM	32567	64	F300/W1/M200	57.4	-6.373	0.985	9.56	9.22	9.41	15.07	134.6	-14.958	0.991	9.31	8.54	8.97	15.07	66.5	-7.393	0.978	9.44	9.05	9.27	15.07	1.9	-0.212	0.190	9.93	9.89	9.91	15.07	15.04	20.00	0.10
2025-06-13/10:57:59 PM	33068	65	F300/W1/M200	58.6	-6.512	0.982	9.56	9.22	9.41	15.19	84.6	-9.405	0.995	9.32	8.83	9.09	15.19	60.6	-6.733	0.969	9.40	9.07	9.26	15.19	0.8	-0.090	0.049	9.91	9.87	9.89	15.19	15.16	20.00	0.10
2025-06-13/11:06:20 PM	33569	66	F300/W1/M200	65.1	-7.238	0.980	9.51	9.14	9.36	15.24	89.2	-9.910	0.987	9.37	8.88	9.15	15.24	33.5	-3.720	0.977	9.43	9.22	9.34	15.24	0.2	-0.027	0.005	9.89	9.86	9.88	15.24	15.24	20.00	0.10
2025-06-13/11:14:41 PM	34070	67	F300/W1/M200	57.6	-6.395	0.973	9.52	9.18	9.37	15.21	45.3	-5.033	0.955	9.38	9.12	9.28	15.21	32.0	-3.553	0.976	9.43	9.24	9.34	15.21	-1.9	0.214	0.219	9.91	9.87	9.89	15.21	15.22	20.00	0.10
2025-06-13/11:23:02 PM	34571	68	F300/W1/M200	61.2	-6.796	0.978	9.58	9.24	9.43	15.19	44.4	-4.936	0.964	9.40	9.14	9.30	15.19	43.6	-4.850	0.968	9.42	9.19	9.31	15.19	-1.1	0.127	0.076	9.92	9.88	9.90	15.19	15.19	20.00	0.10
2025-06-13/11:31:23 PM	35072	69	F300/W1/M200	38.7	-4.303	0.955	9.59	9.36	9.50	15.16	70.7	-7.861	0.990	9.41	8.99	9.22	15.16	40.4	-4.488	0.975	9.42	9.18	9.32	15.16	-1.2	0.133	0.096	9.93	9.90	9.91	15.16	15.17	20.00	0.10
2025-06-13/11:39:44 PM	35573	70	F300/W1/M200	56.5	-6.277	0.967	9.59	9.26	9.47	15.13	112.0	-12.449	0.993	9.37	8.73	9.07	15.13	31.5	-3.504	0.973	9.45	9.26	9.37	15.13	-1.9	0.208	0.199	9.95	9.91	9.93	15.13	15.14	20.00	0.10
2025-06-13/11:48:05 PM	36074	71	F300/W1/M200	49.9	-5.550	0.970	9.60	9.28	9.48	15.10	73.7	-8.186	0.990	9.39	8.96	9.20	15.10	36.8	-4.087	0.975	9.42	9.19	9.33	15.10	-0.8	0.089	0.037	9.96	9.92	9.94	15.10	15.11	20.00	0.10
2025-06-13/11:56:26 PM	36575	72	F300/W1/M200	64.0	-7.114	0.973	9.53	9.15	9.37	15.07	96.0	-10.671	0.991	9.43	8.87	9.18	15.07	44.0	-4.887	0.971	9.41	9.15	9.30	15.07	-0.7	0.075	0.028	9.97	9.93	9.95	15.07	15.08	20.00	0.10
2025-06-14/12:04:47 AM	37076	73	F300/W1/M200	66.8	-7.420	0.979	9.55	9.18	9.39	15.04	92.2	-10.241	0.992	9.37	8.84	9.13	15.04	39.3	-4.370	0.976	9.43	9.20	9.32	15.04	-0.1	0.006	0.000	9.98	9.94	9.96	15.04	15.05	20.00	0.10
2025-06-14/12:13:08 AM	37577	74	F300/W1/M200	44.7	-4.969	0.973	9.60	9.33	9.49	15.10	72.2	-8.018	0.981	9.37	8.96	9.20	15.10	30.4	-3.374	0.968	9.45	9.27	9.37	15.10	0.3	-0.038	0.009	9.97	9.94	9.95	15.10	15.07	20.00	0.10
2025-06-14/12:21:29 AM	38078	75	F300/W1/M200	49.2	-5.464	0.967	9.60	9.32	9.49	15.07	112.6	-12.509	0.971	9.36	8.70	9.11	15.07	39.9	-4.437	0.974	9.41	9.19	9.31	15.07	-1.5	0.166	0.108	9.99	9.93	9.96	15.07	15.08	20.00	0.10
2025-06-14/12:29:50 AM	38579	76	F300/W1/M200	110.1	-12.233	0.970	9.56	8.94	9.31	15.04	72.4	-8.050	0.957	9.38	8.93	9.21	15.04	50.4	-5.600	0.980	9.40	9.11	9.27	15.04	0.1	-0.012	0.001	9.99	9.95	9.96	15.04	15.05	20.00	0.10
2025-06-14/12:38:11 AM	39080	77	F300/W1/M200	92.4	-10.271	0.975	9.45	8.93	9.24	15.03	71.2	-7.910	0.973	9.39	8.99	9.22	15.03	40.2	-4.470	0.964	9.43	9.19	9.33	15.03	0.3	-0.035	0.005	9.98	9.94	9.96	15.03	15.03	20.00	0.10
2025-06-14/12:46:32 AM	39581	78	F300/W1/M200	53.7	-5.965	0.981	9.56	9.24	9.42	15.13	65.0	-7.218	0.973	9.38	9.01	9.23	15.13	33.7	-3.745	0.980	9.43	9.22	9.34	15.13	-0.2	0.019	0.002	9.96	9.92	9.94	15.13	15.11	20.00	0.10
2025-06-14/12:54:53 AM	40082	79	F300/W1/M200	55.0	-6.113	0.985	9.60	9.28	9.46	15.13	96.7	-10.741	0.983	9.35	8.81	9.12	15.13	34.3	-3.812	0.963	9.42	9.21	9.34	15.13	1.4	-0.156	0.088	9.97	9.92	9.95	15.13	15.12	20.00	0.10
2025-06-14/1:03:14 AM	40583	80	F300/W1/M200	50.8	-5.645	0.953	9.58	9.28	9.46	15.25	66.2	-7.361	0.971	9.38	9.01	9.23	15.25	34.6	-3.846	0.976	9.42	9.21	9.34	15.25	0.3	-0.035	0.006	9.95	9.91	9.92	15.25	15.21	20.00	0.10
2025-06-14/1:11:35 AM	41084	81	F300/W1/M200	57.9	-6.434	0.969	9.59	9.24	9.45	15.27	60.9	-6.763	0.966	9.39	9.03	9.25	15.27	35.8	-3.973	0.970	9.44	9.21	9.34	15.27	-0.8	0.094	0.047	9.94	9.91	9.92	15.27	15.28	20.00	0.10
2025-06-14/1:19:56 AM	41585	82	F300/W1/M200	66.0	-7.329	0.987	9.59	9.21	9.42	15.24	68.6	-7.626	0.973	9.38	9.00	9.22	15.24	32.4	-3.601	0.971	9.43	9.23	9.34	15.24	-0.6	0.065	0.015	9.95	9.91	9.93	15.24	15.25	20.00	0.10
2025-06-14/1:28:17 AM	42086	83	F300/W1/M200	49.2	-5.461	0.964	9.58	9.30	9.46	15.20	73.4	-8.154	0.978	9.43	9.01	9.25	15.20	32.4	-3.599	0.964	9.44	9.23	9.35	15.20	-1.0	0.107	0.049	9.96	9.91	9.94	15.20	15.21	20.00	0.10
2025-06-14/1:36:38 AM	42587	84	F300/W1/M200	50.6	-5.620	0.965	9.59	9.30	9.47	15.16	90.6	-10.065	0.990	9.35	8.82	9.12	15.16	29.2	-3.240	0.961	9.44	9.25	9.36	15.16	-1.5	0.171	0.110	9.97	9.92	9.95	15.16	15.17	20.00	0.10
2025-06-14/1:44:59 AM	43088	85	F300/W1/M200	53.7	-5.967	0.960	9.57	9.25	9.44	15.12	127.9	-14.207	0.984	9.32	8.61	9.00	15.12	30.2	-3.355	0.969	9.45	9.26	9.36	15.12	-0.7	0.083	0.026	9.98	9.94	9.96	15.12	15.13	20.00	0.10
2025-06-14/1:53:20 AM	43589	86	F300/W1/M200	42.8	-4.751	0.970	9.61	9.35	9.50	15.08	151.9	-16.875	0.981	9.31	8.42	8.95	15.08	32.6	-3.623	0.962	9.43	9.22	9.35	15.08	-0.9	0.098	0.032	9.98	9.94	9.96	15.08	15.09	20.00	0.10
2025-06-14/2:01:41 AM	44090	87	F300/W1/M200	55.2	-6.134	0.981	9.61	9.27	9.46	15.03	126.8	-14.090	0.977	9.29	8.55	8.99	15.03	29.3	-3.253	0.951	9.42	9.24	9.35	15.03	0.4	-0.049	0.008	9.99	9.94	9.96	15.03	15.05	20.00	0.10
2025-06-14/2:10:02 AM	44591	88	F300/W1/M200	62.0	-6.893	0.970	9.56	9.21	9.42	14.99	93.5	-10.391	0.978	9.23	8.72	9.02	14.99	32.3	-3.590	0.969	9.43	9.21	9.34	14.99	-1.0	0.108	0.040	9.98	9.94	9.97	14.99	15.01	20.00	0.10
2025-06-14/2:18:23 AM	45092	89	F300/W1/M200	92.1	-10.233	0.955	9.55	9.01	9.34	15.04	117.0	-13.003	0.975	9.28	8.60	9.02	15.04	25.3	-2.812	0.944	9.44	9.27	9.37	15.04	1.7	-0.187	0.092	9.98	9.93	9.96	15.04	15.01	20.00	0.10
2025-06-14/2:26:44 AM	45593	90	F300/W1/M200	63.2	-7.028	0.987	9.48	9.11	9.31	15.14	124.1	-13.794	0.979	9.28	8.57	8.99	15.14	33.2	-3.687	0.959	9.40	9.20	9.32	15.14	-0.1	0.016	0.001	9.96	9.91	9.93	15.14	15.11	20.00	0.10
2025-06-14/2:35:05 AM	46094	91	F300/W1/M200	55.5	-6.171	0.980	9.53	9.20	9.39	15.10	115.4	-12.817	0.946	9.23	8.52	8.97	15.10	36.2	-4.021	0.965	9.40	9.18	9.31	15.10	-0.9	0.098	0.031	9.96	9.91	9.94	15.10	15.11	20.00	0.10
2025-06-14/2:43:26 AM	46595	92	F300/W1/M200	73.9	-8.216	0.993	9.52	9.09	9.31	15.05	159.4	-17.711	0.981	9.27	8.36	8.90	15.05	31.2	-3.464	0.953	9.39	9.19	9.31	15.05	-0.3	0.036	0.004	9.97	9.92	9.95	15.05	15.06	20.00	0.10
2025-06-14/2:51:47 AM	47096	93	F300/W1/M200	44.6	-4.955	0.967	9.55	9.27	9.44	15.00	133.6	-14.843	0.987	9.27	8.50	8.95	15.00	32.6	-3.622	0.965	9.41	9.19	9.32	15.00	-0.2	0.023	0.002	9.98	9.94	9.95	15.00	15.02	20.00	0.10
2025-06-14/3:00:08 AM	47597	94	F300/W1/M200	78.4	-8.716	0.989	9.49	9.04	9.28	14.96	108.0	-11.999	0.970	9.22	8.57	8.97	14.96	31.0	-3.449	0.945	9.40	9.20	9.32	14.96	-0.5	0.053	0.007	9.98	9.93	9.96	14.96	14.97	20.00	0.10
2025-06-14/3:08:29 AM	48098	95	F300/W1/M200	53.2	-5.911	0.983	9.57	9.25	9.43	15.00	102.0	-11.330	0.969	9.28	8.71	9.05	15.00	35.0	-3.887	0.968	9.40	9.19	9.31	15.00	1.6	-0.178	0.084	9.97	9.91	9.94	15.00	14.97	20.00	0.10
2025-06-14/3:16:50 AM	48599	96	F300/W1/M200	76.6	-8.508	0.986	9.54	9.08	9.34	15.11	108.1	-12.007	0.980	9.30	8.65	9.02	15.11	31.8	-3.528	0.964	9.39	9.20	9.31	15.11	0.8	-0.090	0.022	9.95	9.90	9.92	15.11	15.08	20.00	0.10
2025-06-14/3:25:11 AM	49100	97	F300/W1/M200	77.6	-8.623	0.971	9.38	8.94	9.20	15.21	81.7	-9.077	0.960	9.27	8.80	9.09	15.21	30.9	-3.436	0.964	9.39	9.20	9.31	15.21	0.7	-0.073	0.017	9.93	9.87	9.90	15.21	15.18	20.00	0.10
2025-06-14/3:33:32 AM	49601	98	F300/W1/M200	44.1	-4.903	0.972	9.54	9.28	9.42	15.24	63.8	-7.094	0.981	9.37	9.00	9.21	15.24	20.8	-2.312	0.942	9.42	9.28	9.36	15.24	-1.3	0.150	0.057	9.92	9.85	9.89	15.24	15.25	20.00	0.10
2025-06-14/3:41:53 AM	50102	99	F300/W1/M200	51.5	-5.726	0.957	9.58	9.27	9.46	15.19	65.7	-7.304	0.985	9.42	9.05	9.26	15.19	20.8	-2.315	0.933	9.43	9.29	9.37	15.19	-0.5	0.058	0.011	9.93	9.89	9.91	15.19	15.21	20.00	0.10
2025-06-14/3:50:14 AM	50603	100	F300/W1/M200	50.4	-5.598	0.954	9.59	9.27	9.47	15.14	46.1	-5.119	0.961	9.38	9.11	9.27	15.14	29.8	-3.306	0.947	9.41	9.23	9.33	15.14	-2.3	0.253	0.155	9.98	9.92	9.96	15.14	15.16	20.00	0.10
2025-06-14/3:58:35 AM	51104	101	F300/W1/M200	48.8	-5.419	0.964	9.60	9.30	9.47	15.09	44.8	-4.973	0.967	9.40	9.14	9.29	15.09	27.5	-3.052	0.949	9.44	9.26	9.36	15.09	-1.9	0.214	0.122	10.01	9.96	9.98	15.09	15.10	20.00	0.10
2025-06-14/4:06:56 AM	51605	102	F300/W1/M200	43.3	-4.810	0.928	9.64	9.39	9.55	15.03	44.7	-4.969	0.962	9.42	9.15	9.31	15.03	22.3	-2.478	0.944	9.47	9.32	9.40	15.03	-0.9	0.100	0.033	10.03	9.98	10.00	15.03	15.05	20.00	0.10
2025-06-14/4:15:17 AM	52106	103	F300/W1/M200	52.7	-5.857	0.965	9.65	9.35	9.53	14.98	42.8	-4.751	0.964	9.43	9.17	9.33	14.98	20.2	-2.247	0.918	9.49	9.34	9.43	14.98	-0.9	0.099	0.027	10.05	10.00	10.03	14.98	14.99	20.00	0.10
2025-06-14/4:23:38 AM	52607	104	F300/W1/M200	54.2	-6.021	0.951	9.64	9.30	9.52	14.92	44.0	-4.887	0.957	9.45	9.18	9.34	14.92	22.6	-2.509	0.943	9.49	9.34	9.43	14.92	-1.3	0.145	0.063	10.07	10.01	10.04	14.92	14.94	20.00	0.10
2025-06-14/4:31:59 AM	53108	105	F300/W1/M200	48.8	-5.425	0.958	9.57	9.29	9.45	15.00	61.5	-6.839	0.967	9.40	9.04	9.25	15.00	21.7	-2.411	0.926	9.48	9.34	9.42	15.00	0.4	-0.045	0.006	10.05	10.01	10.03	15.00	14.97	20.00	0.10
2025-06-14/4:40:20 AM	53609	106	F300/W1/M200	47.0	-5.223	0.970	9.61	9.33	9.48	15.04	67.8	-7.528	0.974	9.40	8.99	9.23	15.04	43.4	-4.825	0.969	9.48	9.21	9.37	15.04	-0.5	0.057	0.009	10.05	9.99	10.02	15.04	15.04	20.00	0.10
2025-06-14/4:48:41 AM	54110	107	F300/W1/M200	56.0	-6.220	0.976	9.64	9.30	9.50	14.99	95.1	-10.571	0.963	9.34	8.77	9.12	14.99	19.8	-2.199	0.905	9.48	9.35	9.43	14.99	-1.1	0.123	0.047	10.06	10.01	10.03	14.99	15.00	20.00	0.10
2025-06-14/4:57:02 AM	54611	108	F300/W1/M200	47.8	-5.312	0.964	9.63	9.34	9.51	14.93	80.8	-8.974	0.969	9.42	8.93	9.22	14.93	22.7	-2.520	0.940	9.47	9.31	9.40	14.93	-0.1	0.008	0.000	10.08	10.02	10.05	14.93	14.95	20.00	0.10
2025-06-14/5:05:23 AM	55112	109	F300/W1/M200	52.6	-5.845	0.974	9.55	9.23	9.42	14.87	114.9	-12.766	0.984	9.42	8.76	9.14	14.87	22.8	-2.534	0.939	9.48	9.33	9.41	14.87	-0.8	0.089	0.031	10.08	10.04	10.06	14.87	14.89	20.00	0.10
2025-06-14/5:13:44 AM	55613	110	F300/W1/M200	53.8	-5.975	0.939	9.56	9.22	9.44	14.86	149.3	-16.584	0.998	9.39	8.53	8.97	14.86	46.1	-5.124	0.965	9.46	9.19	9.35	14.86	2.6	-0.293	0.264	10.08	10.03	10.06	14.86	14.85	20.00	0.10
2025-06-14/5:22:05 AM	56114	111	F300/W1/M200	64.3	-7.140	0.978	9.54	9.16	9.38	14.96	99.5	-11.052	0.979	9.35	8.77	9.11	14.96	34.1	-3.790	0.977	9.41	9.20	9.32	14.96	1.6	-0.180	0.116	10.05	10.01	10.03	14.96	14.93	20.00	0.10
2025-06-14/5:30:26 AM	56615	112	F300/W1/M200	77.6	-8.618	0.938	9.54	9.08	9.37	15.03	112.9	-12.542	0.974	9.29	8.61	9.02	15.03	48.0	-5.333	0.975	9.37	9.08	9.25	15.03	0.5	-0.059	0.014	10.04	9.99	10.01	15.03	15.01	20.00	0.10
2025-06-14/5:38:47 AM	57116	113	F300/W1/M200	78.8	-8.759	0.966	9.35	8.91	9.17	14.97	137.9	-15.325	0.990	9.31	8.51	8.97	14.97	36.2	-4.026	0.979	9.38	9.17	9.29	14.97	-0.1	0.016	0.001	10.04	9.99	10.02	14.97	14.99	20.00	0.10
2025-06-14/5:47:08 AM	57617	114	F300/W1/M200	50.6	-5.622	0.971	9.54	9.24	9.42	14.91	95.4	-10.595	0.967	9.32	8.75	9.10	14.91	46.5	-5.163	0.982	9.39	9.11	9.26	14.91	0.0	-0.004	0.000	10.04	10.00	10.02	14.91	14.93	20.00	0.10
2025-06-14/5:55:29 AM	58118	115	F300/W1/M200	61.2	-6.802	0.966	9.54	9.19	9.39	14.94	137.2	-15.241	0.995	9.26	8.49	8.90	14.94	24.5	-2.719	0.956	9.42	9.25	9.35	14.94	2.5	-0.281	0.249	10.04	9.99	10.01	14.94	14.92	20.00	0.10
2025-06-14/6:03:50 AM	58619	116	F300/W1/M200	64.6	-7.178	0.948	9.45	9.06	9.31	15.04	132.4	-14.707	0.976	9.30	8.53	8.99	15.04	61.1	-6.790	0.983	9.36	9.01	9.19	15.04	2.0	-0.226	0.159	10.01	9.97	9.99	15.04	15.01	20.00	0.10
2025-06-14/6:12:11 AM	59120	117	F300/W1/M200	96.8	-10.760	0.959	9.44	8.89	9.24	15.14	106.4	-11.820	0.990	9.25	8.62	8.98	15.14	51.5	-5.720	0.980	9.34	9.03	9.20	15.14	-0.4	0.050	0.012	9.99	9.95	9.97	15.14	15.11	20.00	0.10
2025-06-14/6:20:32 AM	59621	118	F300/W1/M200	74.6	-8.285	0.945	9.41	8.97	9.25	15.21	111.3	-12.371	0.980	9.24	8.59	8.97	15.21	48.7	-5.409	0.974	9.31	9.01	9.18	15.21	0.5	-0.055	0.017	9.97	9.93	9.95	15.21	15.20	20.00	0.10
2025-06-14/6:28:53 AM	60122	119	F300/W1/M200	79.6	-8.845	0.957	9.40	8.91	9.22	15.15	100.7	-11.191	0.987	9.23	8.64	8.98	15.15	51.0	-5.670	0.970	9.31	9.02	9.19	15.15	-0.4	0.049	0.011	9.98	9.94	9.96	15.15	15.17	20.00	0.10
2025-06-14/6:37:14 AM	60623	120	F300/W1/M200	98.4	-10.935	0.984	9.40	8.84	9.16	15.10	131.1	-14.568	0.985	9.23	8.46	8.91	15.10	54.6	-6.063	0.970	9.30	9.00	9.17	15.10	-0.6	0.071	0.025	9.98	9.94	9.96	15.10	15.11	20.00	0.10
2025-06-14/6:45:35 AM	61124	121	F300/W1/M200	70.1	-7.790	0.973	9.43	9.02	9.27	15.05	91.4	-10.155	0.988	9.23	8.70	9.01	15.05	54.2	-6.027	0.975	9.31	8.98	9.17	15.05	-1.2	0.132	0.073	9.98	9.94	9.96	15.05	15.06	20.00	0.10
2025-06-14/6:53:56 AM	61625	122	F300/W1/M200	107.3	-11.920	0.971	9.42	8.82	9.18	15.05	124.1	-13.793	0.991	9.25	8.55	8.94	15.05	57.1	-6.345	0.970	9.31	8.96	9.17	15.05	1.7	-0.187	0.122	9.98	9.93	9.96	15.05	15.03	20.00	0.10
2025-06-14/7:02:17 AM	62126	123	F300/W1/M200	55.6	-6.183	0.984	9.41	9.09	9.27	15.16	143.9	-15.988	0.994	9.17	8.36	8.81	15.16	48.5	-5.387	0.955	9.30	9.00	9.18	15.16	2.6	-0.284	0.288	9.95	9.92	9.93	15.16	15.12	20.00	0.10
2025-06-14/7:10:38 AM	62627	124	F300/W1/M200	70.1	-7.786	0.984	9.49	9.09	9.31	15.13	136.5	-15.168	0.975	9.17	8.39	8.86	15.13	49.7	-5.525	0.969	9.31	9.02	9.19	15.13	-0.0	0.004	0.000	9.95	9.91	9.93	15.13	15.13	20.00	0.10
2025-06-14/7:18:59 AM	63128	125	F300/W1/M200	53.9	-5.986	0.981	9.48	9.16	9.35	15.09	150.8	-16.752	0.983	9.16	8.28	8.80	15.09	53.2	-5.908	0.937	9.31	9.00	9.20	15.09	0.0	-0.003	0.000	9.96	9.92	9.94	15.09	15.10	20.00	0.10
2025-06-14/7:27:20 AM	63629	126	F300/W1/M200	51.5	-5.721	0.975	9.49	9.18	9.36	15.07	148.7	-16.525	0.982	9.21	8.34	8.85	15.07	46.5	-5.169	0.973	9.32	9.03	9.20	15.07	0.3	-0.032	0.004	9.97	9.92	9.95	15.07	15.08	20.00	0.10
2025-06-14/7:35:41 AM	64130	127	F300/W1/M200	59.0	-6.554	0.978	9.50	9.15	9.36	15.05	108.8	-12.094	0.987	9.13	8.53	8.86	15.05	61.2	-6.795	0.959	9.31	8.96	9.17	15.05	0.1	-0.006	0.000	9.97	9.92	9.95	15.05	15.06	20.00	0.10
2025-06-14/7:44:02 AM	64631	128	F300/W1/M200	41.4	-4.603	0.977	9.51	9.25	9.40	15.04	119.4	-13.272	0.975	9.17	8.49	8.90	15.04	58.2	-6.472	0.970	9.34	9.00	9.20	15.04	-0.8	0.087	0.028	9.97	9.93	9.95	15.04	15.04	20.00	0.10
2025-06-14/7:52:23 AM	65132	129	F300/W1/M200	41.6	-4.623	0.964	9.52	9.27	9.42	15.03	151.9	-16.880	0.972	9.16	8.28	8.81	15.03	35.1	-3.906	0.947	9.35	9.13	9.26	15.03	-0.2	0.026	0.003	9.97	9.93	9.95	15.03	15.03	20.00	0.10
2025-06-14/8:00:44 AM	65633	130	F300/W1/M200	46.4	-5.153	0.983	9.54	9.27	9.42	15.03	113.4	-12.601	0.987	9.18	8.53	8.91	15.03	44.0	-4.887	0.970	9.33	9.07	9.22	15.03	-0.3	0.033	0.007	9.97	9.94	9.95	15.03	15.03	20.00	0.10
2025-06-14/8:09:05 AM	66134	131	F300/W1/M200	45.6	-5.070	0.967	9.53	9.26	9.41	15.03	144.9	-16.098	0.977	9.18	8.34	8.84	15.03	38.2	-4.244	0.943	9.35	9.11	9.26	15.03	-0.6	0.065	0.020	9.97	9.93	9.95	15.03	15.03	20.00	0.10
2025-06-14/8:17:26 AM	66635	132	F300/W1/M200	41.3	-4.587	0.962	9.54	9.29	9.45	15.03	120.6	-13.402	0.971	9.21	8.50	8.93	15.03	49.5	-5.501	0.965	9.34	9.05	9.22	15.03	0.1	-0.008	0.000	9.98	9.93	9.95	15.03	15.03	20.00	0.10
2025-06-14/8:25:47 AM	67136	133	F300/W1/M200	47.7	-5.302	0.940	9.56	9.27	9.45	15.03	158.4	-17.602	0.985	9.19	8.31	8.80	15.03	43.2	-4.796	0.939	9.35	9.09	9.25	15.03	0.3	-0.035	0.005	9.97	9.93	9.95	15.03	15.03	20.00	0.10
2025-06-14/8:34:08 AM	67637	134	F300/W1/M200	45.8	-5.091	0.968	9.53	9.25	9.41	15.04	122.5	-13.610	0.970	9.23	8.52	8.95	15.04	49.7	-5.522	0.957	9.34	9.04	9.22	15.04	0.8	-0.092	0.034	9.96	9.92	9.95	15.04	15.04	20.00	0.10
2025-06-14/8:42:29 AM	68138	135	F300/W1/M200	55.9	-6.210	0.989	9.49	9.16	9.34	15.05	119.9	-13.326	0.956	9.25	8.59	9.00	15.05	31.3	-3.476	0.936	9.37	9.18	9.30	15.05	1.7	-0.193	0.103	9.96	9.91	9.94	15.05	15.05	20.00	0.10
2025-06-14/8:50:50 AM	68639	136	F300/W1/M200	44.5	-4.945	0.965	9.49	9.21	9.38	15.07	94.3	-10.477	0.978	9.25	8.70	9.02	15.07	45.0	-4.997	0.964	9.35	9.08	9.24	15.07	-1.2	0.129	0.066	9.96	9.93	9.95	15.07	15.06	20.00	0.10
2025-06-14/8:59:11 AM	69140	137	F300/W1/M200	54.1	-6.012	0.980	9.51	9.19	9.37	15.09	118.1	-13.117	0.963	9.23	8.53	8.97	15.09	37.2	-4.131	0.958	9.39	9.16	9.30	15.09	-0.1	0.012	0.000	10.00	9.94	9.96	15.09	15.08	20.00	0.10
2025-06-14/9:07:32 AM	69641	138	F300/W1/M200	45.6	-5.062	0.970	9.54	9.27	9.43	15.12	102.3	-11.369	0.963	9.24	8.65	9.01	15.12	38.3	-4.260	0.958	9.37	9.15	9.28	15.12	-0.2	0.019	0.001	10.00	9.94	9.97	15.12	15.11	20.00	0.10
2025-06-14/9:15:53 AM	70142	139	F300/W1/M200	45.5	-5.051	0.983	9.57	9.31	9.46	15.16	107.9	-11.989	0.971	9.29	8.66	9.04	15.16	42.0	-4.663	0.964	9.38	9.13	9.27	15.16	-0.0	0.000	0.000	10.00	9.94	9.97	15.16	15.15	20.00	0.10
2025-06-14/9:24:14 AM	70643	140	F300/W1/M200	44.6	-4.959	0.971	9.54	9.26	9.43	15.19	168.3	-18.705	0.987	9.28	8.32	8.86	15.19	29.6	-3.294	0.934	9.39	9.19	9.30	15.19	-1.8	0.199	0.073	9.99	9.93	9.96	15.19	15.18	20.00	0.10
2025-06-14/9:32:35 AM	71144	141	F300/W1/M200	50.1	-5.565	0.969	9.55	9.26	9.43	15.23	116.5	-12.940	0.980	9.21	8.51	8.92	15.23	47.5	-5.277	0.941	9.37	9.06	9.25	15.23	1.3	-0.140	0.044	9.98	9.92	9.95	15.23	15.22	20.00	0.10
2025-06-14/9:40:56 AM	71645	142	F300/W1/M200	57.0	-6.335	0.975	9.50	9.19	9.37	15.28	69.9	-7.768	0.942	9.28	8.87	9.13	15.28	35.2	-3.908	0.954	9.37	9.14	9.27	15.28	1.4	-0.160	0.061	9.96	9.91	9.93	15.28	15.26	20.00	0.10
2025-06-14/9:49:17 AM	72146	143	F300/W1/M200	45.5	-5.050	0.965	9.53	9.26	9.42	15.32	124.6	-13.846	0.944	9.25	8.52	8.99	15.32	42.1	-4.676	0.963	9.35	9.10	9.24	15.32	0.3	-0.037	0.003	9.96	9.90	9.93	15.32	15.31	20.00	0.10
2025-06-14/9:57:38 AM	72647	144	F300/W1/M200	41.1	-4.567	0.974	9.51	9.26	9.40	15.35	119.3	-13.254	0.986	9.24	8.53	8.94	15.35	33.1	-3.682	0.949	9.34	9.13	9.25	15.35	-0.3	0.032	0.003	9.95	9.88	9.92	15.35	15.34	20.00	0.10
2025-06-14/10:05:59 AM	73148	145	F300/W1/M200	61.3	-6.808	0.963	9.52	9.16	9.38	15.38	120.3	-13.369	0.967	9.16	8.46	8.88	15.38	52.4	-5.819	0.974	9.34	9.02	9.20	15.38	-0.1	0.010	0.000	9.95	9.89	9.91	15.38	15.37	20.00	0.10
2025-06-14/10:14:20 AM	73649	146	F300/W1/M200	67.8	-7.537	0.986	9.43	8.98	9.24	15.41	141.0	-15.671	0.980	9.19	8.39	8.86	15.41	51.9	-5.766	0.949	9.31	9.00	9.19	15.41	2.4	-0.272	0.169	9.92	9.86	9.90	15.41	15.41	20.00	0.10
2025-06-14/10:22:41 AM	74150	147	F300/W1/M200	71.6	-7.955	0.968	9.32	8.90	9.16	15.44	125.1	-13.904	0.978	9.21	8.49	8.92	15.44	58.2	-6.465	0.973	9.26	8.91	9.12	15.44	1.1	-0.119	0.043	9.91	9.86	9.88	15.44	15.44	20.00	0.10
2025-06-14/10:31:02 AM	74651	148	F300/W1/M200	57.9	-6.429	0.963	9.38	9.05	9.24	15.47	108.1	-12.007	0.951	9.16	8.49	8.92	15.47	25.3	-2.815	0.959	9.32	9.15	9.25	15.47	0.5	-0.051	0.007	9.89	9.83	9.86	15.47	15.46	20.00	0.10
2025-06-14/10:39:23 AM	75152	149	F300/W1/M200	44.1	-4.904	0.977	9.45	9.19	9.34	15.48	170.7	-18.966	0.988	9.13	8.15	8.71	15.48	24.6	-2.732	0.953	9.32	9.16	9.25	15.48	0.4	-0.046	0.005	9.90	9.84	9.87	15.48	15.48	20.00	0.10
2025-06-14/10:47:44 AM	75653	150	F300/W1/M200	43.5	-4.837	0.976	9.45	9.19	9.35	15.48	99.0	-10.998	0.979	9.07	8.49	8.83	15.48	27.9	-3.105	0.933	9.32	9.15	9.25	15.48	0.7	-0.073	0.014	9.89	9.83	9.86	15.48	15.48	20.00	0.10
2025-06-14/10:56:05 AM	76154	151	F300/W1/M200	37.3	-4.143	0.974	9.47	9.24	9.37	15.46	99.6	-11.067	0.977	9.18	8.63	8.94	15.46	31.0	-3.442	0.965	9.32	9.12	9.22	15.46	-5.7	0.629	0.524	9.92	9.85	9.88	15.46	15.48	20.00	0.10
2025-06-14/11:04:26 AM	76655	152	F300/W1/M200	31.2	-3.463	0.951	9.51	9.31	9.43	15.23	51.4	-5.709	0.959	9.30	9.01	9.18	15.23	12.3	-1.362	0.808	9.38	9.28	9.34	15.23	-3.7	0.408	0.222	9.97	9.89	9.94	15.23	15.30	20.00	0.10
2025-06-14/11:12:47 AM	77156	153	F300/W1/M200	39.2	-4.351	0.927	9.56	9.30	9.46	15.01	50.2	-5.573	0.922	9.38	9.02	9.25	15.01	17.4	-1.929	0.750	9.43	9.29	9.38	15.01	2.6	-0.287	0.086	10.05	9.95	10.00	15.01	15.07	20.00	0.10
2025-06-14/11:21:08 AM	77657	154	F300/W1/M200	42.4	-4.707	0.979	9.59	9.33	9.47	15.09	62.6	-6.959	0.973	9.33	8.95	9.17	15.09	18.4	-2.040	0.839	9.44	9.28	9.38	15.09	-2.2	0.246	0.082	10.03	9.96	9.99	15.09	15.09	20.00	0.10
2025-06-14/11:29:29 AM	78158	155	F300/W1/M200	61.8	-6.870	0.942	9.60	9.23	9.46	15.12	49.6	-5.506	0.919	9.39	9.06	9.27	15.12	18.6	-2.068	0.823	9.47	9.30	9.40	15.12	-2.9	0.318	0.063	10.07	9.96	10.02	15.12	15.11	20.00	0.10
2025-06-14/11:37:50 AM	78659	156	F300/W1/M200	46.6	-5.182	0.969	9.62	9.33	9.50	15.18	72.8	-8.088	0.978	9.42	8.96	9.23	15.18	21.5	-2.386	0.871	9.49	9.32	9.41	15.18	-0.1	0.006	0.000	10.05	9.96	10.01	15.18	15.16	20.00	0.10
2025-06-14/11:46:11 AM	79160	157	F300/W1/M200	45.7	-5.079	0.981	9.61	9.34	9.48	15.22	52.9	-5.883	0.939	9.42	9.08	9.27	15.22	20.9	-2.324	0.831	9.48	9.31	9.40	15.22	-3.5	0.385	0.072	10.07	9.95	10.01	15.22	15.21	20.00	0.10
2025-06-14/11:54:32 AM	79661	158	F300/W1/M200	42.6	-4.734	0.968	9.65	9.39	9.53	15.27	53.0	-5.885	0.945	9.42	9.08	9.27	15.27	23.9	-2.652	0.849	9.51	9.31	9.42	15.27	-1.2	0.130	0.009	10.07	9.96	10.01	15.27	15.25	20.00	0.10
2025-06-14/12:02:53 PM	80162	159	F300/W1/M200	40.6	-4.516	0.971	9.65	9.40	9.55	15.32	72.3	-8.038	0.975	9.47	9.02	9.27	15.32	19.0	-2.115	0.778	9.51	9.33	9.44	15.32	0.2	-0.023	0.000	10.09	9.96	10.02	15.32	15.30	20.00	0.10
2025-06-14/12:11:14 PM	80663	160	F300/W1/M200	31.6	-3.511	0.934	9.68	9.46	9.59	15.23	67.0	-7.439	0.968	9.46	9.04	9.29	15.23	10.4	-1.158	0.544	9.54	9.40	9.48	15.23	-6.5	0.718	0.254	10.11	9.99	10.06	15.23	15.29	20.00	0.10
2025-06-14/12:19:35 PM	81164	161	F300/W1/M200	37.9	-4.208	0.955	9.68	9.45	9.58	15.01	70.6	-7.839	0.937	9.48	9.05	9.32	15.01	25.5	-2.833	0.888	9.54	9.36	9.46	15.01	-0.1	0.010	0.000	10.13	10.04	10.08	15.01	15.08	20.00	0.10
2025-06-14/12:27:56 PM	81665	162	F300/W1/M200	43.3	-4.807	0.973	9.63	9.36	9.51	15.19	98.9	-10.990	0.985	9.34	8.74	9.07	15.19	24.1	-2.683	0.864	9.49	9.30	9.40	15.19	3.7	-0.414	0.137	10.09	9.99	10.03	15.19	15.12	20.00	0.10
2025-06-14/12:36:17 PM	82166	163	F300/W1/M200	50.8	-5.649	0.945	9.62	9.29	9.49	15.32	94.7	-10.517	0.956	9.35	8.76	9.11	15.32	21.5	-2.391	0.859	9.50	9.33	9.42	15.32	-1.5	0.162	0.021	10.06	9.96	10.01	15.32	15.30	20.00	0.10
2025-06-14/12:44:38 PM	82667	164	F300/W1/M200	42.4	-4.706	0.962	9.61	9.33	9.49	15.36	104.2	-11.582	0.963	9.32	8.72	9.08	15.36	27.7	-3.075	0.879	9.48	9.26	9.39	15.36	-0.5	0.051	0.001	10.06	9.94	9.99	15.36	15.34	20.00	0.10
2025-06-14/12:52:59 PM	83168	165	F300/W1/M200	34.9	-3.878	0.945	9.62	9.39	9.52	15.16	89.0	-9.885	0.929	9.33	8.76	9.11	15.16	14.5	-1.611	0.662	9.51	9.36	9.46	15.16	-1.7	0.187	0.017	10.09	9.99	10.05	15.16	15.22	20.00	0.10
2025-06-14/1:01:20 PM	83669	166	F300/W1/M200	52.9	-5.880	0.973	9.64	9.33	9.51	15.05	67.1	-7.461	0.969	9.42	9.03	9.24	15.05	31.5	-3.502	0.885	9.54	9.32	9.42	15.05	8.7	-0.967	0.267	10.10	9.95	10.04	15.05	15.05	20.00	0.10
2025-06-14/1:09:41 PM	84170	167	F300/W1/M200	44.8	-4.983	0.975	9.63	9.37	9.52	15.17	52.9	-5.879	0.934	9.44	9.07	9.28	15.17	22.8	-2.536	0.801	9.50	9.31	9.42	15.17	-1.0	0.116	0.005	10.10	9.96	10.02	15.17	15.13	20.00	0.10
2025-06-14/1:18:02 PM	84671	168	F300/W1/M200	36.8	-4.093	0.936	9.64	9.41	9.55	15.31	66.7	-7.411	0.954	9.43	9.01	9.26	15.31	15.5	-1.725	0.646	9.51	9.34	9.43	15.31	-6.5	0.723	0.151	10.11	9.95	10.04	15.31	15.29	20.00	0.10
2025-06-14/1:26:23 PM	85172	169	F300/W1/M200	34.6	-3.850	0.966	9.67	9.44	9.57	15.15	66.0	-7.334	0.963	9.43	9.01	9.25	15.15	16.2	-1.805	0.644	9.56	9.39	9.48	15.15	-2.7	0.303	0.032	10.13	9.99	10.07	15.15	15.20	20.00	0.10
2025-06-14/1:34:44 PM	85673	170	F300/W1/M200	32.8	-3.649	0.938	9.67	9.46	9.59	14.99	62.6	-6.961	0.935	9.44	9.05	9.29	14.99	21.4	-2.375	0.788	9.54	9.37	9.46	14.99	-1.7	0.193	0.013	10.16	10.03	10.10	14.99	15.04	20.00	0.10
2025-06-14/1:43:05 PM	86174	171	F300/W1/M200	37.2	-4.138	0.921	9.67	9.42	9.58	15.10	93.1	-10.340	0.945	9.40	8.83	9.17	15.10	20.7	-2.298	0.840	9.53	9.36	9.44	15.10	-0.1	0.015	0.000	10.10	9.98	10.05	15.10	15.08	20.00	0.10
2025-06-14/1:51:26 PM	86675	172	F300/W1/M200	42.0	-4.665	0.956	9.65	9.40	9.55	15.16	89.4	-9.938	0.952	9.37	8.79	9.13	15.16	17.4	-1.937	0.703	9.49	9.33	9.42	15.16	-3.1	0.341	0.036	10.12	9.92	10.01	15.16	15.14	20.00	0.10
2025-06-14/1:59:47 PM	87176	173	F300/W1/M200	34.9	-3.872	0.955	9.67	9.43	9.57	15.24	88.4	-9.824	0.977	9.32	8.78	9.09	15.24	31.5	-3.497	0.869	9.53	9.26	9.42	15.24	0.4	-0.040	0.000	10.11	9.91	10.02	15.24	15.22	20.00	0.10
2025-06-14/2:08:08 PM	87677	174	F300/W1/M200	37.9	-4.206	0.958	9.66	9.42	9.56	15.28	53.7	-5.967	0.954	9.44	9.09	9.28	15.28	14.3	-1.593	0.658	9.52	9.36	9.44	15.28	-7.7	0.859	0.190	10.10	9.94	10.02	15.28	15.28	20.00	0.10
2025-06-14/2:16:29 PM	88178	175	F300/W1/M200	35.6	-3.953	0.935	9.69	9.45	9.59	15.10	43.5	-4.833	0.906	9.48	9.18	9.36	15.10	14.7	-1.634	0.635	9.55	9.41	9.48	15.10	-4.3	0.478	0.076	10.14	9.99	10.07	15.10	15.15	20.00	0.10
2025-06-14/2:24:50 PM	88679	176	F300/W1/M200	42.5	-4.719	0.918	9.69	9.43	9.59	14.96	53.6	-5.957	0.856	9.48	9.14	9.35	14.96	26.4	-2.933	0.829	9.58	9.36	9.49	14.96	5.5	-0.613	0.097	10.18	10.02	10.11	14.96	15.00	20.00	0.10
